5 50
74 36 97 47 13 106
51 91 62 11 51 611
44 47 7 80 12 539
87 37 8 24 50 906
27 85 25 27 43 229
5 58 26 31 44 225
43 52 11 46 20 796
7 34 71 24 74 441
3 3 36 82 98 457
97 15 18 68 83 788
95 29 95 99 47 864
91 77 80 74 1 283
82 64 16 8 96 722
41 16 18 35 21 701
90 55 82 30 70 969
75 12 94 84 9 393
10 64 29 27 31 711
19 30 91 89 30 842
64 58 48 32 76 297
42 61 13 24 90 212
81 33 77 72 98 691
73 54 70 40 11 568
53 90 55 94 24 78
14 89 90 43 80 1125
43 60 40 85 93 304
81 87 56 93 55 934
95 17 8 92 33 43
98 55 99 40 31 522
87 69 80 97 56 9
45 59 12 23 95 461
17 81 58 1 98 1048
85 20 17 9 20 1118
9 17 35 48 27 196
21 42 78 90 73 918
32 5 93 35 99 810
72 89 49 93 98 881
33 66 51 92 11 866
81 14 87 78 66 1098
74 75 45 14 95 651
87 22 89 20 86 32
23 50 14 65 41 501
85 69 21 85 67 809
4 32 56 11 79 60
39 37 20 48 71 912
82 24 7 65 28 926
19 75 90 55 11 567
16 74 33 50 22 578
67 88 40 81 90 764
69 54 19 30 40 485
51 64 24 61 71 1098
