8 50
36 75 14 45 40 58 99 45 1086
63 99 25 29 13 24 15 51 171
56 96 65 6 64 82 17 23 1138
62 64 81 93 89 44 84 10 1066
81 48 98 12 97 87 28 100 1
30 84 51 70 32 3 7 57 620
28 16 51 45 59 58 83 59 979
51 5 51 63 11 48 46 93 549
31 6 61 57 61 93 37 23 288
82 27 10 19 100 37 61 8 1427
15 41 49 15 38 28 45 58 1065
64 64 41 90 63 70 99 14 1033
49 92 59 77 40 73 94 62 1176
66 73 26 94 30 82 30 37 562
81 71 45 44 72 68 32 30 919
1 22 93 42 5 36 69 81 456
65 62 12 100 72 82 87 16 510
71 45 59 77 89 59 49 27 1271
29 84 61 32 90 13 50 65 1028
75 42 81 90 16 62 34 89 382
24 53 4 62 42 8 17 7 941
96 43 65 61 70 79 1 84 1161
36 42 80 46 12 99 97 81 187
38 64 11 8 33 22 84 52 827
5 12 24 31 68 64 66 41 697
78 11 64 33 24 50 88 30 192
90 76 21 23 13 86 11 76 311
77 37 22 38 87 58 97 72 355
96 96 18 15 90 57 4 11 350
61 74 81 91 92 44 25 78 1376
82 71 34 75 30 31 18 35 688
61 60 18 93 94 70 28 34 430
31 7 39 21 36 59 41 96 308
32 67 66 65 70 90 44 92 965
44 82 2 10 86 17 56 33 487
62 37 67 88 68 52 49 14 159
75 95 68 98 25 67 79 66 1284
84 70 41 24 49 84 92 56 350
85 13 5 43 30 56 15 64 1070
91 56 5 45 39 62 16 72 126
11 52 19 94 1 8 29 3 778
48 40 20 4 6 76 31 38 1132
85 81 59 92 69 88 98 70 1265
36 46 100 18 67 51 33 19 619
85 80 38 29 1 2 18 49 1271
33 80 25 13 12 16 8 29 749
67 76 40 11 64 50 24 20 516
26 50 52 1 1 32 20 93 619
25 97 3 91 17 66 60 62 740
54 70 34 26 60 83 16 7 1219
