8 50
91 67 13 95 65 63 65 9 564
59 62 15 50 35 83 3 38 354
42 97 46 100 81 91 41 13 377
43 41 32 33 65 4 91 56 430
34 11 95 47 98 94 70 32 470
80 63 49 59 54 39 6 47 505
66 42 61 57 79 98 98 70 662
2 93 7 55 94 1 56 24 432
12 63 28 57 31 3 14 33 272
35 19 4 60 28 34 94 40 463
58 96 2 34 62 59 46 9 356
55 75 47 3 90 65 5 4 621
15 60 27 72 49 54 57 16 478
92 78 87 59 24 65 47 97 437
97 82 57 64 33 17 10 79 469
82 44 79 51 89 85 68 72 652
9 46 17 36 44 38 23 74 658
38 67 46 33 80 80 9 50 571
80 33 27 76 1 41 9 10 280
78 95 76 6 94 4 100 16 616
23 72 5 93 7 67 29 77 735
51 50 46 55 98 18 85 79 641
27 85 55 92 11 22 59 84 643
32 97 89 72 47 95 53 8 592
65 63 71 87 68 14 54 47 351
25 1 58 95 23 44 70 48 397
42 17 61 10 8 9 5 27 499
48 94 14 57 58 82 72 100 298
35 18 11 26 93 39 6 18 277
9 65 66 27 66 14 61 34 434
81 49 14 84 79 78 82 53 276
18 1 91 30 40 48 100 97 464
80 78 98 86 83 62 86 80 725
2 65 35 18 45 7 44 63 542
55 74 57 40 75 92 90 52 759
86 42 73 25 45 2 70 13 463
42 23 15 71 10 89 57 99 277
62 26 72 3 42 23 69 12 551
61 28 82 33 87 3 26 38 626
83 86 87 79 93 75 80 54 566
7 72 91 22 50 91 79 57 328
27 87 61 20 46 59 16 74 394
15 82 22 19 76 61 9 98 268
27 1 78 92 71 88 56 98 496
88 21 32 9 46 90 4 89 457
94 22 34 32 17 31 87 87 521
89 21 88 85 70 99 23 39 345
56 2 96 65 77 88 18 47 337
13 39 24 1 48 34 13 75 739
75 79 100 75 15 46 52 9 654
