8 50
31 91 58 74 31 83 27 63 1589
51 43 14 19 65 97 91 67 275
58 52 96 92 92 10 12 48 2025
22 96 19 16 62 97 1 84 721
100 55 11 46 69 23 61 47 829
35 23 25 30 71 25 99 62 1662
42 17 69 24 60 35 100 61 1053
78 87 92 38 4 57 48 68 1697
46 40 82 72 42 96 86 84 1258
61 82 48 31 21 81 15 23 1010
8 35 95 48 83 78 27 95 884
65 32 44 16 85 99 28 100 1080
61 93 26 50 52 15 57 29 776
51 48 27 37 27 85 36 54 568
62 38 11 54 39 59 85 29 1317
39 60 19 80 42 42 20 89 1852
69 64 88 36 89 12 71 50 1462
92 49 2 93 86 76 34 8 1752
50 58 5 100 90 54 9 20 2168
20 35 19 21 63 17 17 25 1367
30 3 3 48 51 39 99 96 850
3 49 100 1 72 84 48 12 2266
75 98 92 1 47 23 71 34 736
29 89 65 91 81 79 15 75 488
32 98 64 100 60 31 86 53 1783
6 19 9 95 78 87 99 38 858
44 68 9 34 1 81 20 22 1543
48 26 8 3 14 1 85 83 1544
32 11 55 68 47 82 15 28 1731
16 28 38 39 81 54 10 39 933
31 74 51 6 94 62 48 73 1558
30 54 17 100 28 11 71 42 2187
16 1 15 54 96 34 15 66 938
17 52 55 51 3 37 46 42 1615
71 65 39 49 49 88 82 57 259
24 80 59 18 37 21 27 51 1781
73 99 76 56 70 20 86 93 640
92 3 19 85 86 76 46 55 267
68 56 48 60 74 64 59 21 1742
44 85 84 90 75 31 78 58 706
88 6 27 33 51 88 99 44 1698
55 60 11 85 49 62 91 30 2160
90 33 47 62 21 85 22 25 1559
40 85 4 39 17 92 91 88 1889
11 94 48 6 34 41 71 4 490
21 77 70 25 63 45 1 32 1391
5 86 91 71 62 97 92 6 1491
22 32 20 89 94 45 39 8 377
60 71 6 58 99 73 89 64 654
35 4 93 7 50 19 3 68 1397
