8 50
11 20 78 39 13 42 89 1 721
7 59 77 81 63 10 34 89 325
18 16 73 35 98 56 86 53 277
82 90 77 84 10 4 18 90 668
40 6 85 89 66 96 2 75 562
57 73 42 83 93 38 54 64 513
10 4 99 85 47 34 23 33 695
28 70 5 80 53 54 23 93 365
77 82 84 61 1 92 20 27 721
86 95 16 38 76 64 57 1 449
63 53 81 61 77 19 55 44 608
10 23 94 63 49 96 38 65 547
96 87 74 75 13 67 29 23 334
98 8 35 21 98 77 94 30 695
1 17 82 91 30 14 60 50 385
30 27 29 39 12 8 91 22 509
3 54 20 35 56 97 31 58 431
96 88 99 28 72 44 65 21 517
51 37 98 87 96 32 61 79 268
61 86 58 91 79 75 50 12 564
47 39 13 93 28 29 66 23 747
58 37 37 34 90 3 11 68 475
43 16 49 9 24 60 54 91 535
15 29 87 87 6 56 32 51 705
40 53 37 49 54 87 24 48 528
26 72 36 1 35 98 19 37 271
11 12 52 97 78 59 20 47 441
72 40 86 11 32 48 60 19 612
1 37 8 19 77 69 71 92 597
17 80 13 68 77 18 21 91 742
24 73 86 76 45 61 78 69 497
79 62 54 95 55 62 75 61 462
52 14 67 36 59 12 18 11 408
15 95 79 91 2 23 94 26 266
22 40 24 52 31 77 64 50 266
25 95 16 19 53 44 55 87 354
51 5 85 46 14 63 22 97 670
7 45 42 11 19 80 92 34 328
80 77 32 82 94 19 55 15 659
30 97 90 83 31 14 98 11 400
91 85 94 14 48 40 50 38 728
87 51 2 82 56 98 50 75 293
12 3 8 3 11 12 42 14 669
90 45 94 63 41 37 40 71 519
72 87 19 53 11 35 14 22 326
77 57 56 5 93 60 41 9 688
100 63 40 33 50 88 25 73 360
65 50 40 88 22 13 99 45 540
57 35 15 22 47 17 38 37 413
46 26 27 36 97 23 59 60 487
