5 50
49 6 50 52 79 2789
7 85 46 28 36 2354
1 87 28 13 43 2043
88 21 75 78 17 3023
89 78 4 72 42 2527
13 74 52 87 49 2115
88 70 5 59 1 2442
98 12 41 35 51 2840
48 59 17 9 22 2664
98 98 91 67 48 1741
94 56 94 89 14 1196
96 44 42 12 43 1089
29 28 19 10 98 2839
71 60 67 55 24 2761
18 30 38 96 72 1535
91 55 97 88 30 1199
36 66 26 29 68 2304
18 9 81 48 33 2761
13 39 3 50 22 1747
23 7 100 48 78 2483
6 12 20 13 94 3075
86 73 46 55 80 1243
94 27 34 75 55 1444
28 91 75 22 56 2733
94 33 53 75 39 1159
23 41 42 92 52 2232
33 27 99 32 50 2619
63 60 58 65 25 1089
86 21 84 93 12 1571
80 65 57 47 37 1453
73 47 31 15 79 2720
59 99 18 71 94 3068
65 91 18 91 33 1527
50 11 100 28 24 2573
99 29 40 28 21 2744
5 70 68 47 97 2386
17 52 77 37 61 2258
35 16 80 74 84 2618
5 67 81 99 83 1423
57 36 96 93 9 3015
42 84 72 68 45 3089
83 57 62 92 49 3034
2 39 47 7 3 1232
42 33 33 27 4 2159
92 69 54 78 19 1834
79 81 89 39 75 2729
12 33 90 90 84 2209
1 58 36 33 32 1157
10 49 69 23 50 1504
56 78 39 79 40 1820
