5 50
51 100 94 25 76 1378
45 83 66 96 71 1303
96 76 86 73 40 1459
37 28 29 53 7 1297
41 78 42 8 71 1068
23 54 48 41 43 1522
51 53 31 23 82 1173
39 66 29 67 39 1377
90 82 98 80 21 1337
58 59 40 45 26 1377
52 36 69 35 77 1341
39 92 33 25 81 1315
94 35 70 67 16 1139
81 25 17 66 69 1364
19 26 75 90 99 1078
87 59 2 89 95 1402
43 64 78 46 71 1488
85 85 36 88 82 1392
86 68 72 81 56 1275
28 74 3 4 43 1132
16 3 48 99 27 1383
89 77 44 46 93 1471
2 17 3 57 4 1124
40 59 16 58 19 1211
35 1 60 29 11 1208
71 82 81 65 30 1528
87 11 69 38 30 1183
53 55 18 70 8 1170
42 80 1 79 100 1202
75 58 98 58 17 1148
55 59 70 74 28 1425
89 57 20 86 94 1409
14 84 26 83 84 1218
10 45 73 91 37 1449
64 74 13 45 100 1129
76 38 64 52 37 1303
3 38 10 20 23 1337
64 18 48 36 76 1555
16 90 68 75 93 1486
99 5 23 9 2 1189
29 82 32 47 77 1480
5 9 29 14 54 1109
54 85 6 36 89 1074
27 21 21 14 81 1513
51 87 18 54 75 1049
22 83 72 48 45 1052
74 41 27 9 1 1127
70 58 73 77 14 1102
23 28 79 41 92 1485
60 97 92 17 72 1060
