8 50
61 92 11 64 4 42 92 47 1713
26 96 63 32 100 51 51 11 2415
55 50 36 56 1 56 39 65 1904
41 66 56 32 30 76 87 17 1867
26 73 25 55 19 94 41 63 1862
14 15 98 4 99 56 3 5 2609
47 43 76 96 51 21 18 9 2110
18 94 46 71 89 20 66 76 1761
30 19 1 98 31 91 37 88 1618
44 22 69 87 40 37 83 83 1700
22 32 90 18 90 20 61 46 1516
68 77 8 44 35 36 95 15 1693
99 82 40 19 91 5 51 36 2139
8 99 49 86 4 77 33 46 2236
30 26 83 28 54 36 34 62 1610
59 38 39 53 84 70 60 99 1623
8 89 85 73 89 69 18 98 2383
50 2 24 67 43 85 89 44 2342
41 72 38 99 83 14 3 92 1864
13 70 10 37 19 93 47 66 1550
88 73 60 15 11 71 31 17 2422
69 65 56 3 41 56 45 46 1684
12 23 51 71 17 85 91 51 1431
36 8 9 59 29 63 100 10 1793
88 41 66 71 18 54 12 19 2250
83 25 57 90 89 15 63 69 2674
87 75 63 16 99 42 87 73 2048
57 29 33 89 6 33 89 37 2054
80 78 81 92 42 23 45 43 1953
94 97 42 33 81 73 95 76 1521
62 63 25 3 15 65 38 73 2300
24 17 57 26 46 42 84 5 1724
19 72 32 30 47 37 8 45 2634
58 66 11 58 11 35 87 82 1597
53 96 34 34 79 93 84 15 2265
69 27 1 34 44 91 81 84 2510
15 86 84 73 68 13 75 97 1983
57 27 40 67 12 61 85 17 1534
63 25 28 79 12 55 66 43 1481
80 91 29 77 2 67 34 96 1825
30 88 55 37 47 58 81 87 1823
18 82 82 86 88 2 92 92 1926
81 75 97 36 74 70 14 21 1503
96 15 86 51 58 19 97 76 2058
13 27 32 6 90 73 23 15 2583
56 71 36 81 10 35 41 34 1560
83 41 5 39 88 83 23 25 2258
10 44 59 16 17 82 49 12 1471
68 51 56 28 78 46 23 69 2442
76 47 46 43 20 23 59 89 1689
