5 50
72 48 32 68 42 2027
57 6 23 52 67 2050
77 10 34 29 56 1576
69 67 57 4 97 1939
26 84 51 43 97 1935
85 80 1 28 2 1261
66 99 49 90 59 1710
6 65 53 59 70 1508
3 22 9 77 19 2971
34 17 67 54 58 1871
71 93 99 23 27 2316
89 9 55 86 31 2063
40 11 19 12 26 1539
58 37 25 3 13 2785
93 24 66 21 75 1650
51 29 29 81 74 1127
27 97 18 66 64 1422
5 80 1 86 86 1600
33 55 43 57 92 2258
65 53 86 27 66 1555
65 32 15 44 15 3009
34 54 48 74 73 2680
24 24 75 75 1 2789
68 58 15 38 43 2254
85 34 14 87 55 1902
82 27 83 84 76 1345
17 28 80 24 45 1289
38 89 67 86 45 3019
12 84 93 63 46 1831
96 67 16 63 98 1194
8 95 28 91 80 2926
35 10 72 12 2 2450
38 65 82 40 86 2128
87 41 91 91 97 2375
33 13 21 60 45 1615
83 28 99 25 81 2991
13 8 98 82 36 1327
16 72 69 55 40 2412
72 68 95 29 22 1370
88 9 42 1 98 1339
63 4 12 56 56 2928
22 7 55 2 61 2070
35 35 54 61 29 3052
71 98 10 54 87 2202
58 18 74 7 7 2705
44 99 58 55 28 1869
97 99 4 72 2 1940
99 57 46 52 91 1740
82 95 83 11 88 2532
91 29 42 96 74 1417
