8 50
81 17 86 93 18 25 37 85 141
39 56 7 79 59 64 70 20 1043
44 85 30 5 37 8 18 89 501
5 16 69 9 59 50 16 11 872
19 66 18 48 11 70 93 30 1004
57 85 31 36 100 5 31 2 711
24 52 81 16 27 13 47 7 750
46 89 26 8 53 72 37 59 603
42 17 4 62 23 93 7 77 342
78 32 47 57 65 16 93 90 348
30 46 75 62 100 82 76 59 881
90 59 64 50 99 51 18 76 506
63 60 100 81 94 67 84 84 727
27 20 36 86 82 70 61 63 1124
85 20 43 1 99 12 36 70 929
90 99 57 36 82 69 49 26 388
50 46 13 78 3 82 21 9 62
47 5 65 55 88 18 37 100 49
37 89 68 82 40 78 27 35 390
85 76 27 25 90 81 81 41 0
63 52 33 45 3 65 52 49 154
11 100 45 12 91 56 91 54 996
91 61 12 5 16 100 81 52 1103
7 18 44 59 54 92 66 24 832
84 53 67 90 21 28 38 36 688
11 16 42 24 42 61 89 45 814
11 8 58 89 55 10 94 87 1049
50 18 66 68 74 81 56 49 238
92 17 99 44 94 24 12 74 361
66 89 67 84 98 16 1 65 156
48 63 30 76 64 85 30 14 632
88 58 28 33 99 72 67 22 534
81 4 33 56 62 84 69 67 98
16 19 79 100 23 21 25 5 288
15 85 8 92 56 44 49 3 494
29 21 14 58 13 69 48 24 739
75 43 21 63 8 20 100 90 62
31 67 24 32 24 17 59 99 786
43 31 85 82 14 56 11 31 999
98 12 60 63 39 53 45 35 124
56 17 31 55 89 52 3 89 946
96 88 93 32 13 23 34 77 1119
93 48 67 46 3 95 45 13 724
83 69 14 92 46 51 7 74 382
57 75 12 40 36 49 1 10 1052
62 99 94 31 75 7 46 76 643
81 16 47 3 87 19 73 99 725
59 55 44 4 41 99 78 63 673
8 23 62 48 54 87 18 73 417
99 11 83 55 74 77 91 4 742
