8 50
50 67 39 17 5 73 86 40 1936
35 51 27 40 31 93 66 8 1380
23 21 77 77 45 88 3 74 2031
3 50 82 59 60 25 32 32 2248
71 62 94 92 100 13 64 34 271
97 95 52 89 35 8 68 35 2217
9 86 98 91 95 46 99 91 1641
91 81 11 67 76 12 65 24 1081
32 75 64 59 32 60 52 77 1717
5 38 86 7 5 76 22 46 1828
10 84 80 13 27 27 57 50 1985
16 55 14 97 55 74 77 58 865
24 53 59 22 36 21 85 21 497
70 77 3 99 46 12 74 51 1588
15 80 54 43 62 75 27 85 1366
100 100 71 69 4 50 84 16 1580
96 76 65 8 29 81 67 50 2030
93 2 58 60 1 40 74 35 1085
100 100 63 32 71 48 63 33 1980
52 37 10 18 3 85 98 80 720
87 85 88 31 31 71 62 87 413
30 32 87 72 87 33 100 14 1355
64 99 5 21 23 84 47 1 882
46 80 11 2 78 9 99 39 2009
26 47 79 21 1 99 74 57 1984
64 44 78 65 32 6 98 11 963
35 26 91 2 5 63 29 67 2190
74 8 2 95 19 89 99 18 309
69 26 42 31 76 85 100 24 1711
67 48 63 60 99 19 47 20 1845
63 91 45 87 3 75 24 77 543
20 58 23 30 66 45 42 74 690
27 47 61 100 31 94 2 84 1373
36 79 31 65 97 9 54 67 1265
85 33 79 8 45 26 11 49 596
26 64 2 87 96 2 36 6 706
32 28 68 54 15 1 81 40 1944
91 1 76 36 73 27 97 85 1339
68 85 49 16 4 63 72 1 288
59 53 80 70 24 99 90 12 606
13 20 79 3 19 62 29 30 1747
75 7 51 21 79 1 51 74 1627
30 10 95 16 88 15 18 89 609
41 81 79 66 11 21 46 30 1595
54 28 26 13 8 74 43 60 334
25 16 84 83 81 3 20 73 901
51 64 73 1 84 85 25 75 1719
85 69 36 52 21 94 42 98 2164
26 58 21 2 18 48 49 11 2130
32 45 92 43 13 86 80 56 2233
