5 50
81 93 59 91 92 2227
27 46 65 85 64 2096
74 48 52 22 95 1830
72 88 66 99 86 2233
91 83 35 38 53 2159
96 12 30 57 82 2109
11 50 8 60 9 2252
21 18 18 46 31 1848
37 53 76 55 97 2325
9 78 99 1 18 2245
57 65 20 35 83 2167
89 44 87 46 8 2069
81 54 91 63 45 2268
68 20 8 83 80 1847
39 96 86 8 52 2048
10 23 87 81 46 2215
25 39 39 38 27 2136
36 92 58 55 1 1929
39 78 31 81 43 1871
95 37 73 20 57 2330
3 88 30 7 82 2152
98 96 24 82 90 1869
100 47 11 34 27 2045
89 58 72 47 93 2214
95 34 51 15 6 2073
89 27 69 75 27 2118
77 95 58 62 75 2091
85 23 52 2 2 2059
23 96 18 11 87 1894
37 71 53 56 38 2068
80 87 52 86 45 2276
83 2 13 82 47 2283
96 82 58 71 53 2285
42 86 21 53 36 1937
39 4 57 71 5 1907
57 98 50 60 94 2025
26 14 10 4 20 2342
53 59 8 75 8 1952
42 1 11 22 37 2268
60 91 48 90 20 2007
58 80 7 81 20 1912
58 83 6 27 7 1911
50 34 67 28 79 1843
47 13 99 27 100 1987
46 80 85 41 80 1972
31 56 95 1 16 1843
41 90 4 79 45 2112
41 44 53 61 93 2242
38 74 36 46 71 1944
24 13 65 50 84 2282
