8 50
22 69 50 52 1 1 93 16 1273
11 18 8 84 43 5 48 70 2633
97 94 35 37 3 24 17 80 2293
66 45 59 13 79 60 40 100 2154
28 13 6 22 91 96 47 33 1314
37 74 36 58 79 73 33 64 2531
33 35 82 39 3 52 16 85 1411
28 55 39 4 24 53 76 52 1735
5 72 70 9 46 12 1 100 1008
60 19 50 23 72 70 21 39 1960
61 70 56 6 14 36 7 40 1731
83 49 13 69 72 25 2 32 1281
53 34 5 46 64 71 76 82 2175
53 29 81 39 8 6 48 46 2802
16 56 18 86 30 92 100 82 2501
51 20 60 66 14 58 91 16 1524
9 54 68 56 31 50 100 81 2799
54 47 54 91 50 39 21 82 1259
98 53 20 16 57 56 41 22 1605
87 100 81 78 54 21 90 57 1512
35 26 38 91 77 81 8 19 1544
100 23 49 26 14 18 60 22 1663
70 53 69 31 85 84 54 84 2579
45 53 71 18 84 42 84 54 1819
33 80 84 4 16 11 77 92 1099
60 39 73 88 64 43 86 54 1922
34 87 30 27 52 19 68 4 1097
76 14 47 57 75 61 36 15 2249
97 81 34 66 11 78 90 38 1339
68 84 55 81 12 65 99 42 2962
53 57 26 93 80 59 55 95 1214
64 93 49 31 13 9 47 61 2357
61 96 7 17 73 4 72 15 2971
58 82 14 38 86 62 70 31 1272
88 65 70 48 4 50 58 48 1291
25 28 44 36 69 4 25 23 1390
51 35 76 90 32 30 86 83 2699
64 92 27 50 98 24 44 72 2014
1 88 33 72 44 97 29 36 1292
44 32 52 97 96 48 85 13 2078
29 5 76 12 63 20 73 52 2837
16 80 61 10 72 32 8 2 1928
85 66 44 74 100 20 62 69 1819
31 21 54 33 92 30 20 52 2184
54 81 96 3 58 21 77 44 1142
45 44 77 97 20 50 55 60 1293
68 14 87 20 88 26 87 78 2840
35 46 22 93 74 25 25 39 2737
85 16 15 83 25 3 53 54 2962
47 21 54 23 30 65 21 6 2000
