5 50
64 44 77 1 4 1946
73 57 57 59 25 2510
17 90 10 51 54 2203
10 17 18 21 10 1669
30 90 83 51 76 2031
52 61 39 82 52 1405
12 80 82 34 75 1481
5 33 19 88 66 2335
45 60 15 33 12 1889
43 84 78 31 5 1884
44 38 23 95 15 2083
84 43 53 5 28 2254
74 100 97 45 98 1836
48 81 12 97 9 1676
95 34 34 49 87 1887
46 96 62 38 26 1758
58 35 22 87 15 2616
13 100 75 96 24 2503
50 63 94 96 93 2347
22 70 33 46 93 1526
86 33 47 6 83 2555
56 4 77 71 88 1891
66 93 3 82 37 2038
45 37 80 25 48 1391
86 37 46 97 11 1510
50 52 14 89 83 1930
11 53 70 37 87 1697
84 70 57 88 48 2422
35 69 89 44 1 2370
65 19 71 97 28 2478
51 50 26 44 23 2501
22 40 44 29 45 1602
68 9 68 7 97 1915
39 25 64 42 80 1819
49 21 23 81 64 1634
31 16 20 89 2 1557
15 58 38 21 58 2330
13 2 37 9 89 1453
18 33 53 39 29 2196
77 25 22 39 30 1842
36 69 84 32 51 1759
68 16 97 41 63 1467
50 13 56 32 54 2603
58 17 97 91 83 1832
91 24 45 15 15 1396
81 26 59 24 29 1709
83 88 54 80 9 2480
26 16 74 12 14 1842
58 94 96 53 95 1956
47 98 49 67 58 1607
