8 50
49 30 5 31 80 98 66 100 786
20 9 56 78 100 47 41 40 1181
18 38 10 14 87 78 17 25 632
7 87 30 15 56 33 22 39 1805
18 75 80 17 100 32 80 18 1305
93 17 89 66 8 43 92 58 1847
56 80 73 64 40 80 20 92 1070
14 18 64 36 99 62 6 64 969
79 21 54 44 29 39 38 89 1585
28 84 23 6 51 35 91 91 747
58 7 63 31 50 70 62 90 1338
100 51 75 5 68 70 100 88 812
28 35 78 16 82 31 86 95 764
5 58 29 29 24 62 8 97 637
12 6 3 35 53 79 56 38 744
54 7 26 52 28 94 82 93 865
16 30 12 2 76 17 3 31 964
24 30 63 35 57 93 71 10 874
61 10 30 96 48 52 72 76 1837
87 13 61 43 11 30 98 42 662
13 21 1 68 35 25 90 45 867
41 33 58 52 84 79 2 56 1650
3 55 55 30 9 100 49 92 1077
98 6 1 4 53 25 20 78 1782
5 65 96 52 79 74 81 97 1330
91 70 52 44 11 5 55 2 981
52 84 70 21 46 89 80 86 760
66 25 77 69 26 91 10 99 1658
37 61 93 49 71 9 35 99 944
71 54 71 39 8 38 41 68 1353
77 50 79 17 36 72 23 46 1253
96 56 33 29 37 26 98 12 1283
37 46 37 58 73 29 9 43 1309
61 4 47 98 56 7 5 86 1675
33 44 99 34 95 64 33 4 648
12 52 58 11 99 87 71 9 987
20 36 15 13 87 95 17 6 1576
57 81 23 79 98 32 46 76 1115
30 35 85 84 6 33 54 45 1544
22 79 83 41 29 21 82 66 653
56 14 55 73 46 55 5 10 766
15 20 87 75 52 88 96 66 1549
94 26 78 80 27 45 31 99 716
21 9 88 10 40 66 5 39 1490
31 76 38 34 94 48 49 96 1412
38 95 7 43 72 39 15 8 1621
75 2 24 32 80 45 99 15 744
27 85 61 42 91 50 51 100 782
86 56 50 24 70 70 11 85 1679
20 55 96 5 11 79 56 30 1091
