5 50
47 99 19 16 26 2129
27 85 75 36 56 2568
1 69 93 99 14 2423
69 93 61 43 36 2128
97 25 75 82 4 1474
17 47 50 17 62 1460
44 3 69 60 98 1414
27 10 75 44 27 2235
51 74 37 33 58 1442
37 90 22 15 30 2397
40 36 51 44 37 2363
73 30 88 14 68 2520
92 40 84 91 98 1435
96 60 42 99 82 1406
15 71 85 49 1 2177
99 10 74 88 28 1529
6 51 73 48 7 2161
39 11 80 81 57 1656
99 8 43 16 86 2444
10 12 100 16 81 1683
66 34 70 8 65 2085
62 43 35 97 24 1773
84 53 1 79 20 2388
15 11 50 32 24 2445
92 83 72 17 13 1613
82 2 95 34 62 1754
52 83 6 62 72 1486
9 59 55 85 4 2030
28 20 73 69 44 1960
42 34 46 13 33 1619
22 65 36 98 74 1404
37 43 47 71 55 2228
64 75 18 49 80 1894
15 70 91 20 41 2505
17 91 74 43 5 1815
87 23 96 34 32 2385
48 96 55 70 3 1816
62 12 61 31 97 1621
19 38 47 60 39 2109
70 7 87 64 74 2101
71 65 1 35 99 2196
23 82 60 75 29 1685
82 94 20 59 60 1824
48 60 99 68 79 1738
43 69 24 35 38 1721
7 39 95 35 27 2344
42 53 20 1 2 2600
73 64 37 25 48 2610
43 29 36 8 26 2209
59 48 82 16 37 2175
