8 50
10 41 30 93 30 87 30 4 1190
68 21 2 14 60 78 36 67 273
57 38 80 65 6 2 81 55 1150
11 60 92 62 5 83 54 78 921
73 75 5 59 22 35 17 84 474
9 66 51 80 52 60 95 7 1342
14 27 75 75 2 14 83 87 100
14 28 82 76 74 28 97 35 1362
94 16 10 38 80 76 80 51 854
25 76 73 61 9 48 100 75 1506
88 27 88 86 72 74 52 39 903
93 70 81 42 32 56 53 1 1036
88 44 65 68 64 25 62 60 1402
72 68 43 18 78 90 33 49 1179
72 14 79 40 13 54 68 65 1134
68 49 56 76 79 55 54 4 517
27 68 39 31 39 42 74 5 1452
4 84 21 27 16 47 44 7 796
85 60 92 67 28 2 40 61 554
49 90 59 54 58 88 96 76 159
76 55 14 36 13 100 94 80 1166
22 31 51 87 83 86 12 35 522
68 66 84 83 26 83 78 25 1049
7 80 90 64 18 99 12 16 602
87 6 59 75 33 13 29 82 677
29 10 57 52 18 91 17 19 1321
21 59 29 58 59 64 23 19 951
100 31 65 53 83 40 28 66 1391
71 7 54 59 20 12 23 15 189
75 47 43 92 29 55 3 79 445
31 95 84 79 50 33 84 85 1092
45 87 80 18 15 80 74 64 1161
97 84 32 22 69 34 80 14 315
72 33 1 64 38 16 50 45 1174
15 59 22 89 67 15 99 57 120
49 85 51 11 89 26 8 23 825
56 17 3 14 49 97 40 89 300
57 20 35 48 66 57 66 11 751
8 98 29 17 16 85 42 80 467
41 24 38 4 15 70 92 23 1241
33 48 33 8 72 64 75 82 923
90 53 65 40 48 71 59 43 447
38 17 11 11 74 95 15 65 466
12 97 22 85 14 9 48 48 1050
68 15 64 96 85 76 89 42 1418
54 39 28 91 22 100 37 75 456
59 18 50 7 100 6 88 30 947
7 90 61 33 45 90 70 49 867
88 86 90 21 80 15 50 17 200
89 15 6 71 36 91 8 80 346
