8 50
23 72 97 86 19 78 88 43 1463
12 53 52 51 61 64 19 14 1469
34 46 73 84 60 45 14 24 1371
44 19 7 66 38 14 45 4 1178
75 35 65 86 74 82 51 48 1286
23 95 64 44 57 96 49 63 1532
21 93 65 93 66 96 29 60 1113
3 30 48 64 15 14 13 60 1463
15 53 43 9 89 57 4 49 1453
4 30 23 5 84 5 84 98 1352
43 79 95 27 68 41 79 55 1262
51 34 16 83 77 18 77 55 1482
82 4 87 38 36 43 64 61 1085
62 28 15 39 13 31 60 38 1153
5 54 98 41 95 86 80 22 1231
45 25 25 14 38 52 27 19 1224
40 82 9 29 4 8 47 93 1444
65 74 74 61 96 46 49 92 1127
70 88 64 97 53 66 51 97 1287
100 45 37 94 86 71 17 41 1435
86 62 4 83 20 20 5 44 1270
78 69 61 60 93 90 59 59 1107
62 64 31 95 97 81 45 39 1506
28 20 69 94 87 95 76 64 1140
7 35 62 40 92 48 61 35 1133
24 95 16 28 81 36 1 32 1317
2 13 28 80 88 30 90 100 1034
2 24 57 99 91 79 32 25 1379
87 75 81 75 41 22 77 77 1454
59 18 71 36 75 50 57 91 1149
68 85 3 99 72 15 78 22 1264
53 79 92 64 85 77 53 51 1317
39 5 22 13 98 44 15 11 1357
96 16 74 93 39 38 77 7 1070
75 43 56 14 32 31 40 34 1133
13 91 16 18 74 40 38 59 1085
2 97 60 46 71 8 72 29 1428
78 23 28 14 14 66 50 44 1519
88 67 7 50 1 78 46 63 1450
71 47 91 33 69 52 97 56 1094
76 3 93 41 49 80 52 14 1152
77 14 22 92 55 36 32 88 1364
9 17 95 49 90 17 30 19 1341
46 82 34 52 30 97 36 43 1415
93 95 3 42 63 86 94 10 1293
26 85 100 58 22 78 50 16 1533
65 73 13 91 51 10 1 6 1172
18 50 13 60 93 24 68 40 1224
78 89 27 30 57 56 40 83 1459
15 12 22 17 28 94 2 63 1038
