8 50
47 50 13 55 99 67 22 33 1306
63 11 2 85 82 85 40 77 1100
28 96 18 60 9 74 78 55 1263
15 18 41 35 100 69 27 8 1481
42 24 38 32 32 33 58 44 1393
20 71 80 22 89 99 33 68 1096
34 33 86 68 51 30 74 37 1357
82 94 60 56 15 61 25 38 1122
51 22 35 5 55 88 7 81 1133
7 17 65 81 17 28 14 99 1216
68 41 22 36 33 98 23 87 1490
56 92 88 52 2 4 50 79 1302
53 96 4 90 41 81 81 100 1166
50 69 91 11 42 35 21 1 1272
92 66 90 41 60 44 20 12 1303
58 41 70 42 97 58 78 92 1477
57 14 69 17 1 58 28 80 1055
32 59 83 36 86 46 68 99 1336
61 99 38 59 54 67 66 34 1396
70 47 74 19 9 52 56 29 1422
98 92 70 84 31 100 68 58 1376
37 72 81 19 15 20 1 4 1171
92 48 33 77 15 27 97 1 1500
38 67 52 86 93 40 2 33 1092
40 62 34 63 99 87 52 61 1426
6 38 48 33 40 49 73 25 1108
95 37 65 55 49 19 53 54 1224
2 77 7 16 17 83 66 37 1123
75 72 78 3 90 96 41 74 1366
74 6 2 53 86 89 71 86 1057
13 70 8 30 46 73 10 25 1022
60 30 68 93 94 70 73 96 1060
92 54 2 91 63 37 95 40 1228
10 73 41 68 84 96 53 42 1268
11 72 55 10 73 80 79 65 1112
78 32 11 72 11 87 15 27 1495
6 84 62 92 90 20 78 92 1313
36 17 90 70 14 58 13 1 1424
19 9 21 43 7 1 77 87 1200
80 1 68 50 4 92 20 33 1309
26 27 30 6 56 51 58 54 1276
42 32 89 94 68 95 48 64 1081
96 2 76 84 70 58 24 26 1376
48 75 59 30 54 4 19 79 1022
90 57 1 44 20 40 70 5 1008
12 28 65 44 79 95 58 23 1268
58 20 2 33 64 8 40 75 1399
32 4 20 25 16 38 18 49 1482
32 67 88 23 90 26 55 17 1381
88 67 68 73 62 6 47 57 1170
