5 50
98 62 95 93 76 541
13 11 37 33 46 460
66 39 58 11 2 392
29 76 84 40 12 683
79 19 84 92 29 557
16 54 27 41 79 276
99 34 26 89 62 393
47 47 41 52 95 604
57 4 76 69 46 576
99 11 88 64 71 688
18 18 53 20 42 375
1 93 19 13 86 395
86 22 65 92 42 518
74 90 54 46 99 673
39 49 82 93 14 545
60 17 7 88 12 346
18 71 7 38 55 368
17 6 94 73 61 289
28 82 1 54 4 676
24 45 9 4 13 261
46 72 50 62 76 276
67 28 31 70 56 382
31 97 4 18 100 489
72 46 25 52 26 349
91 16 6 55 90 468
79 36 5 32 97 297
44 93 90 77 31 367
87 72 53 13 43 633
53 35 74 68 81 442
91 84 61 29 56 266
98 82 91 39 41 331
16 42 33 77 4 424
90 96 2 73 74 551
92 63 68 97 30 279
27 95 91 90 54 365
69 70 86 30 21 425
17 26 90 33 79 301
65 43 53 51 48 549
18 45 7 9 57 548
3 67 31 66 8 287
35 64 4 28 19 569
43 46 71 86 15 510
57 71 5 47 54 485
44 25 84 81 95 319
27 60 16 75 27 501
56 47 75 52 73 435
95 63 7 30 41 584
89 17 40 60 67 716
73 6 47 8 29 364
31 76 67 92 63 564
