5 50
2 61 11 90 31 1529
89 31 83 64 23 602
87 86 89 58 27 2167
42 20 60 55 66 1236
13 16 27 35 49 561
5 85 76 53 88 273
52 32 59 56 32 1309
47 77 48 92 56 2156
21 68 22 47 62 1427
8 77 22 12 90 579
87 37 5 42 29 1925
10 74 43 72 17 824
48 91 25 76 93 998
22 65 38 13 43 1059
90 13 1 32 64 1497
5 49 77 59 79 1111
57 71 23 14 98 1366
17 33 29 6 2 1189
26 18 62 76 2 2107
97 78 61 78 19 1133
58 4 49 44 14 1799
14 40 55 51 53 1598
36 10 57 28 84 1783
26 97 84 71 15 870
60 87 46 31 62 1953
64 74 71 39 51 1908
13 23 4 85 14 1863
75 18 97 58 74 1030
68 55 33 74 26 636
5 98 11 4 57 247
66 89 67 63 77 2046
52 50 15 26 39 1264
85 33 84 65 35 1078
19 21 21 20 18 2089
100 12 69 13 61 1895
23 30 98 100 23 1078
92 46 34 98 45 1643
40 35 26 89 89 1450
33 68 71 26 79 2183
65 6 69 61 63 585
8 37 15 35 84 1828
21 25 6 51 90 854
67 58 62 4 12 856
50 89 86 43 4 1985
47 17 27 86 68 2043
44 31 95 35 9 483
55 72 22 93 34 399
87 43 80 17 34 2071
84 83 82 90 48 2021
19 100 18 79 55 1741
