8 50
14 23 62 48 87 16 78 52 2096
91 24 15 46 84 52 18 98 1617
84 70 50 65 67 1 2 89 2227
77 56 83 87 28 25 34 50 1466
70 84 84 4 21 84 12 63 2047
42 89 69 85 37 43 37 91 2203
4 80 25 10 86 16 21 19 1995
73 48 10 69 29 12 67 8 2121
67 44 53 8 58 98 59 86 1709
33 5 40 3 14 97 66 31 1932
61 85 31 16 91 89 66 54 1462
41 86 52 33 87 94 35 41 2095
66 4 94 17 58 96 27 56 1699
88 23 34 99 31 18 62 15 2079
35 15 21 54 15 7 63 76 1847
3 93 91 84 74 40 93 6 1470
94 81 51 59 96 83 27 31 2281
57 7 45 18 21 37 17 91 1754
99 40 63 9 73 58 73 50 1652
78 11 64 37 45 44 35 46 1545
71 5 20 1 56 96 9 23 2257
58 40 22 44 22 88 23 34 1821
20 18 80 68 85 94 32 7 2482
43 95 63 77 96 43 91 2 1834
10 90 17 20 66 69 55 73 1904
98 52 65 100 93 70 80 77 2365
58 87 50 28 24 67 39 93 1463
4 49 64 31 3 66 58 66 1391
90 67 77 67 71 40 54 9 1963
50 90 25 15 95 11 19 43 1862
6 1 67 61 100 29 35 52 1955
64 29 30 36 55 43 8 89 1936
79 48 57 31 54 7 61 18 2371
45 14 12 64 6 7 81 77 2115
47 31 48 42 8 28 65 49 2545
52 3 79 100 82 36 44 80 1436
78 24 33 79 79 36 6 77 2048
43 36 16 24 81 23 38 50 1791
29 61 29 92 49 48 35 40 2141
27 55 13 38 63 72 76 38 2308
14 9 1 48 91 94 51 53 2507
32 49 86 14 16 81 66 59 2524
61 59 30 2 5 1 97 36 2257
5 89 21 74 51 79 82 20 1748
75 94 41 18 8 8 30 39 2387
97 59 54 31 92 10 81 20 1673
41 9 95 73 35 4 37 41 1482
2 86 78 6 80 48 43 5 1820
45 19 88 8 97 44 45 51 2210
49 59 4 7 64 2 62 76 1923
