8 50
43 26 16 31 63 14 53 58 188
64 45 89 85 49 16 95 6 534
98 21 96 24 67 1 34 93 617
78 52 25 60 57 48 55 14 312
75 81 33 43 37 25 18 40 285
47 58 10 32 33 4 73 16 883
47 41 96 19 4 62 24 98 206
62 12 39 19 93 6 40 16 445
19 9 66 26 15 42 63 35 849
36 66 29 57 27 88 50 4 487
67 66 76 37 13 69 43 84 90
45 11 86 31 12 57 99 16 578
66 26 63 57 53 21 17 10 798
42 30 94 7 20 96 1 3 253
47 61 8 84 7 15 35 71 546
45 37 55 54 5 17 5 52 127
32 40 88 69 84 95 45 42 170
2 1 38 80 7 33 68 52 1038
99 49 16 50 37 38 80 54 57
79 43 55 26 4 12 35 94 71
95 56 58 12 11 75 69 43 384
71 63 7 94 57 81 54 93 550
90 79 73 48 60 89 18 95 156
50 8 68 44 50 84 23 87 223
48 73 31 22 15 13 51 25 310
2 25 95 90 45 75 99 100 913
80 65 61 73 75 93 93 24 360
86 4 36 24 55 17 11 74 527
50 16 88 61 80 46 81 40 283
35 26 80 56 56 16 40 90 94
54 81 53 11 91 92 45 46 542
73 68 41 66 6 41 66 73 533
43 7 21 68 1 17 17 7 223
65 30 24 39 50 26 11 79 998
20 63 66 64 51 1 82 33 177
21 63 53 25 100 62 23 66 309
31 96 75 10 11 50 50 84 420
81 66 1 69 54 100 49 87 68
41 73 34 57 81 84 9 25 107
94 13 87 75 37 35 52 78 451
75 63 72 68 17 77 32 29 17
30 89 37 32 45 14 54 69 211
6 5 7 66 38 46 28 33 212
53 7 78 78 60 89 52 65 760
27 42 22 46 4 47 18 7 482
45 15 39 29 98 21 27 87 192
63 79 15 23 28 6 12 6 807
10 24 72 79 85 67 23 23 561
58 39 11 35 92 15 62 49 180
21 93 95 20 70 84 30 35 422
