8 50
8 90 19 42 20 66 65 2 1499
49 31 53 73 49 43 100 90 1226
57 47 3 37 79 84 65 100 1570
52 22 60 43 62 7 96 64 1507
96 89 9 82 89 7 9 29 1555
90 76 33 70 99 57 89 71 1449
47 20 93 94 19 70 63 98 1351
80 43 94 14 32 86 79 53 1172
63 14 42 86 38 23 75 37 1280
83 62 51 32 14 88 13 75 1570
23 92 56 98 6 95 75 33 1263
72 83 70 62 6 28 82 5 1487
35 38 60 92 8 47 62 20 1335
28 36 63 88 42 21 17 60 1559
89 6 19 53 83 52 79 55 1285
95 45 84 31 85 90 49 54 1391
29 41 14 6 14 66 31 59 1142
52 15 34 93 66 96 72 40 1273
37 48 91 95 31 56 85 1 1537
99 35 9 61 37 27 42 90 1336
44 10 33 62 71 61 68 78 1054
97 94 43 70 8 76 42 41 1057
79 71 55 28 2 83 93 92 1375
54 97 28 61 34 48 31 11 1349
70 74 92 66 94 100 23 90 1147
29 74 14 77 90 81 56 73 1413
10 77 75 53 80 67 2 58 1104
17 56 70 1 52 20 4 3 1056
81 1 11 49 76 42 76 17 1051
29 62 80 69 5 93 36 27 1575
52 70 59 4 88 26 67 17 1226
32 72 73 18 67 33 47 97 1504
38 66 51 79 5 39 29 69 1253
1 7 88 98 17 13 33 42 1164
39 97 60 82 56 40 79 67 1140
95 80 59 17 94 67 78 9 1158
21 53 23 88 77 100 20 64 1387
69 32 94 20 58 100 24 8 1181
28 79 9 16 42 82 83 22 1335
22 89 56 100 18 63 68 66 1491
98 87 47 8 55 89 77 80 1208
40 66 66 51 63 40 51 64 1119
98 75 50 40 83 43 57 12 1116
16 18 70 36 27 17 26 18 1458
21 32 19 3 9 29 22 100 1313
79 81 21 43 42 5 49 30 1354
11 54 68 48 11 76 5 15 1198
98 56 23 58 77 80 15 60 1299
97 59 84 33 41 1 41 96 1478
2 52 82 80 65 96 79 42 1055
