5 50
71 87 37 88 54 1048
15 23 81 4 56 1289
45 72 25 100 45 798
38 97 26 66 58 980
21 44 56 47 22 1055
18 54 66 95 60 772
86 95 84 84 5 1023
72 23 98 76 43 1160
41 43 98 21 36 844
87 63 52 48 26 1022
8 70 36 69 36 1302
66 95 74 15 87 1583
74 1 41 39 51 1495
1 73 54 62 78 1505
66 42 27 16 5 1620
93 84 60 40 72 758
36 53 75 27 21 1163
23 38 67 26 43 1480
62 31 28 37 7 1445
30 90 37 28 47 668
83 20 29 31 23 753
43 94 67 16 97 623
5 33 98 97 18 885
100 92 18 80 49 1537
45 34 31 18 63 1186
45 47 25 84 11 641
20 46 38 50 100 1790
21 55 72 77 32 1315
28 5 59 53 61 1015
34 8 66 10 34 710
19 33 8 35 45 1119
71 31 31 34 8 813
6 52 43 45 96 1257
97 56 81 78 100 1068
53 15 93 56 73 954
44 13 18 38 76 1340
46 15 14 3 97 697
87 13 54 59 1 1301
40 86 62 5 18 1604
16 64 90 73 2 1589
40 73 39 21 61 765
90 58 43 74 18 984
84 23 80 69 27 1649
58 26 8 63 44 1259
87 61 5 24 15 978
2 13 72 34 20 939
35 69 50 89 7 962
25 63 79 53 10 1264
89 58 78 70 44 1659
40 92 31 71 72 1443
