8 50
46 63 70 50 29 44 26 51 1479
38 14 85 99 69 65 97 35 598
12 18 51 41 41 94 1 10 304
45 90 17 45 74 65 35 9 429
97 14 9 33 60 15 66 47 862
90 99 60 82 96 4 51 8 1234
38 16 80 80 51 1 15 27 644
90 26 79 38 93 37 23 75 1775
78 34 62 51 55 49 95 75 1235
58 70 7 78 86 19 27 34 2098
44 83 24 31 37 86 60 20 1057
15 2 22 31 74 36 42 87 1993
65 53 23 44 26 7 8 11 964
38 59 60 14 48 69 69 75 2115
43 70 79 28 34 61 26 57 1446
4 51 62 37 37 55 74 46 732
7 18 55 51 68 51 45 83 1339
71 75 49 56 17 79 69 9 744
54 10 6 83 71 100 44 62 1784
19 23 79 40 61 77 88 73 727
28 46 17 53 6 4 34 7 1702
68 4 8 34 51 95 3 37 599
71 81 95 46 100 73 98 74 1221
57 45 21 87 19 19 100 47 1363
59 75 35 98 55 83 47 50 1867
19 13 64 85 98 32 95 42 833
26 5 7 96 96 79 88 23 471
93 85 33 4 2 19 42 63 1955
37 80 100 2 52 99 76 69 1576
13 75 13 17 67 27 86 98 567
64 82 67 88 60 75 94 23 801
41 28 93 13 31 51 63 36 1939
41 18 36 89 24 24 61 37 1108
20 48 15 37 86 82 62 31 296
33 58 61 43 15 15 80 75 2186
21 33 79 43 81 47 57 67 1630
56 24 31 14 24 94 54 47 547
84 31 30 27 42 92 29 18 1301
88 55 15 89 42 49 59 67 1974
98 40 65 90 49 97 38 12 518
10 74 41 39 64 38 59 50 1798
85 69 50 33 16 81 41 91 1063
26 77 79 53 12 53 57 6 2104
40 98 61 21 63 91 100 79 727
2 28 18 94 75 47 65 77 1130
13 49 99 76 7 2 32 70 2251
18 66 11 1 22 97 19 54 2054
22 2 6 74 66 45 53 96 1473
40 87 50 80 82 5 2 83 451
99 39 1 76 76 2 88 90 1936
