5 50
5 10 53 31 2 1156
42 19 29 33 28 692
41 51 99 93 60 1357
89 12 98 17 93 1578
52 10 99 34 84 1807
22 47 81 94 4 1760
81 4 95 70 28 1764
15 55 55 26 64 707
22 98 21 2 18 1874
57 26 69 13 1 822
16 64 5 5 91 1212
43 69 15 81 59 1607
29 54 4 59 81 1504
37 34 87 5 84 846
93 72 65 77 79 785
2 96 68 13 72 1381
30 74 62 67 39 672
63 38 32 100 6 1584
8 67 24 15 73 652
52 7 99 30 59 1650
17 97 100 36 6 685
93 61 27 89 44 1189
86 26 31 7 19 1409
41 62 81 50 37 1470
94 38 27 96 66 1350
45 64 52 65 44 1770
81 94 82 83 82 947
45 70 2 20 15 648
86 91 28 2 65 1511
87 50 47 47 35 1242
85 36 14 82 76 792
91 71 22 4 35 1246
56 56 87 53 17 638
40 93 30 24 28 695
12 56 30 92 13 821
45 87 97 24 5 1105
61 86 25 78 64 1505
80 61 60 84 73 1439
75 12 95 23 52 1654
15 68 22 39 96 1650
45 59 29 2 97 1281
78 31 7 33 59 1359
82 26 64 40 36 1047
90 28 3 91 62 1648
75 69 11 75 38 712
94 47 21 13 91 1736
81 55 24 52 30 1528
26 92 35 59 47 1351
52 20 61 42 13 776
23 71 33 39 55 665
