5 50
62 29 70 90 10 2555
56 12 60 29 38 1675
96 87 25 64 69 2412
82 97 56 73 72 2758
25 97 71 87 11 1562
67 51 28 29 60 2571
88 78 50 7 66 2130
92 30 94 100 81 1349
34 17 43 16 3 2502
33 87 13 89 50 1209
70 36 95 68 87 1492
24 50 3 92 65 1142
31 50 99 66 8 2145
86 13 78 25 100 2729
72 15 11 16 19 2422
39 74 94 100 99 1753
4 73 25 73 37 1573
90 62 22 12 87 1795
33 20 13 17 51 1481
76 85 55 70 60 2002
79 96 4 23 33 2373
83 3 33 30 100 2118
49 32 24 26 2 2944
19 6 23 68 58 1615
90 63 43 78 85 1820
61 68 98 71 22 2414
70 30 16 83 95 2324
64 82 49 20 20 1307
63 35 73 65 23 1109
24 39 16 85 98 2876
70 2 97 54 1 3049
98 54 85 31 80 2762
12 82 89 57 89 2479
25 6 22 95 71 2907
34 71 62 87 29 1217
77 16 9 46 26 2885
96 53 19 56 23 2353
78 56 56 24 99 1766
12 100 35 49 74 2181
52 12 62 48 46 2287
57 90 80 27 49 2283
16 36 76 70 3 2481
75 16 90 90 92 1520
80 45 65 67 69 3073
2 9 6 32 11 2332
25 82 76 6 98 2535
62 11 98 96 6 2351
14 13 14 32 66 1573
3 83 19 67 83 2811
54 57 28 20 3 2848
