8 50
82 20 56 8 67 57 62 96 2715
41 15 4 43 85 92 48 57 1173
59 79 75 45 60 22 66 16 2910
73 70 95 64 87 21 27 41 2243
11 84 13 39 48 100 71 94 1978
47 58 96 31 31 7 78 99 2165
61 93 36 40 89 63 86 74 2200
50 45 72 32 18 80 68 56 1079
50 3 24 81 76 62 8 54 2630
5 74 7 22 82 81 64 38 2517
50 15 55 14 90 29 9 43 2499
63 49 88 88 26 59 83 96 1040
46 58 9 68 43 61 16 98 1338
71 43 83 9 49 62 24 13 1806
15 88 92 45 24 59 16 47 1415
63 14 49 52 11 75 2 89 2628
71 88 36 85 16 21 74 20 1933
96 10 83 36 89 40 73 42 1918
11 53 23 94 30 2 81 78 1460
31 97 34 28 48 94 58 67 3110
90 29 90 72 99 80 92 46 3016
85 14 83 2 98 21 23 71 3003
44 40 8 77 82 85 81 68 1043
67 49 47 8 90 59 15 98 1194
23 13 69 21 42 56 13 42 1316
1 88 39 93 11 20 53 89 2086
46 79 88 98 64 80 92 80 1992
98 54 36 3 56 58 34 53 1188
45 33 22 80 98 44 45 41 2689
1 95 27 11 8 62 77 20 2847
42 94 17 44 69 39 55 88 1972
73 52 97 46 47 56 77 73 1643
61 40 81 44 30 49 92 50 2260
29 55 67 85 39 54 6 19 1139
44 100 36 92 97 55 8 94 2539
31 16 78 53 67 96 70 38 3078
27 50 59 34 40 90 30 75 1090
20 56 100 55 93 76 48 20 1929
23 77 66 71 19 3 25 75 2645
5 41 44 64 27 2 7 92 2879
62 40 18 22 4 27 95 26 2512
34 75 44 89 41 24 79 85 1974
8 33 41 26 48 99 8 10 2618
50 91 1 35 16 39 46 55 1548
70 81 68 32 39 100 91 52 1448
56 87 100 34 53 39 7 51 1070
50 69 51 96 7 76 63 49 2039
43 19 14 9 57 86 41 78 1427
16 5 72 76 5 98 22 1 2558
58 29 56 64 9 68 73 58 1483
