8 50
92 14 5 94 74 13 31 85 762
20 37 65 41 92 91 52 65 689
83 14 70 16 86 66 22 24 1061
3 77 92 29 6 37 61 41 1266
37 26 78 17 20 30 97 80 934
17 86 87 18 55 13 61 100 1248
62 38 16 10 79 67 74 17 1080
68 3 27 46 69 27 93 10 871
16 96 36 12 26 12 49 44 1641
56 76 91 25 25 21 66 94 1649
68 14 87 84 88 24 17 95 786
5 43 47 21 35 48 97 99 1041
22 83 43 47 76 27 75 41 862
31 80 19 30 20 48 27 22 774
56 57 64 29 25 58 77 5 822
28 12 53 30 98 67 57 82 1632
79 61 92 41 42 82 72 4 1104
6 93 6 85 81 66 81 98 1029
59 40 82 23 53 33 92 29 923
51 19 15 33 6 65 2 4 963
87 66 33 60 84 62 51 27 1561
19 71 84 91 100 90 11 29 1347
5 94 78 57 62 52 41 78 1310
63 63 92 39 65 90 3 74 1055
41 60 17 87 45 90 64 7 1516
4 24 78 62 56 41 13 23 1266
30 40 11 4 18 23 21 32 804
20 69 8 34 30 1 77 62 1342
82 88 49 87 90 63 12 73 1020
7 53 7 27 15 14 59 20 1707
6 21 5 86 50 36 67 67 1469
14 81 48 59 40 30 86 45 702
46 60 35 38 3 21 38 83 930
34 85 20 3 95 78 34 60 1231
72 10 44 8 66 76 31 95 720
40 38 23 35 92 50 68 28 846
45 8 74 37 24 7 30 31 850
70 2 27 48 1 76 33 79 1127
74 99 41 22 66 82 37 56 1595
31 1 41 64 2 41 79 14 1714
55 52 26 28 9 10 57 75 1539
94 76 66 44 25 93 29 17 770
58 35 71 100 65 56 62 58 1065
23 89 3 68 70 58 9 6 1737
60 3 12 40 1 53 94 73 642
32 40 5 81 78 53 41 42 1757
41 63 2 59 69 46 21 41 1081
20 79 8 77 51 94 4 74 1732
11 65 47 47 65 72 33 12 1657
70 82 34 37 58 19 33 54 885
