8 50
48 76 57 15 5 84 68 46 1886
32 82 42 63 84 37 34 57 1331
84 80 66 4 33 17 67 49 399
64 96 56 61 15 12 61 77 2031
58 77 93 36 64 85 10 7 1020
37 44 43 66 58 26 85 72 1659
79 60 94 85 33 1 4 14 1592
20 10 54 73 99 96 12 97 2237
1 58 35 40 82 22 83 43 1143
46 12 52 2 41 12 98 32 1941
100 19 97 25 27 34 71 2 1348
64 86 60 93 90 95 45 42 533
26 22 64 73 6 20 43 42 312
51 93 41 9 100 21 32 13 1294
75 90 61 14 64 90 58 69 1709
87 75 38 89 79 32 70 72 1789
76 33 42 72 89 46 14 27 1156
7 88 30 84 44 84 11 94 1727
27 36 60 97 99 31 19 75 1902
38 93 69 81 92 15 97 19 1887
84 88 83 26 54 44 16 95 1782
54 91 59 6 88 78 31 25 822
33 13 44 74 33 88 12 48 1167
52 16 11 45 34 61 100 15 486
74 38 13 8 6 74 37 74 362
29 96 45 77 89 25 81 56 2156
96 42 83 97 65 10 19 88 2262
62 85 9 72 80 97 53 31 1372
93 67 10 81 17 69 29 100 389
88 55 90 51 11 95 83 44 1757
41 2 63 33 76 52 62 94 1557
52 63 24 79 47 63 95 41 1225
77 20 33 23 2 44 12 41 1333
46 46 11 33 25 64 94 80 2087
51 33 50 44 85 18 24 39 1624
97 46 62 30 62 43 66 55 895
60 100 89 40 18 23 35 37 1720
8 79 41 19 7 91 34 26 2214
35 8 59 72 49 21 89 31 371
1 91 49 13 54 34 1 18 853
55 43 36 82 92 75 48 31 331
38 58 63 53 46 8 92 12 1243
89 22 22 82 4 20 5 50 1001
22 13 55 68 98 75 38 14 961
77 77 81 58 97 15 32 36 1275
55 13 4 3 34 63 86 7 2279
4 35 87 58 21 51 88 7 1931
73 60 38 86 39 87 44 94 607
56 27 76 27 8 36 36 68 1075
35 70 82 88 70 49 34 15 1233
