5 50
47 31 89 2 50 649
35 6 54 42 80 1387
60 55 68 54 75 1349
54 11 92 15 74 696
18 51 67 76 12 1241
32 73 70 46 51 807
44 67 19 82 11 719
38 81 85 70 37 1395
43 47 86 64 2 1712
5 52 59 8 37 1403
82 12 59 22 82 1881
20 10 66 59 91 1360
86 8 64 90 79 835
55 50 96 53 90 887
53 60 61 94 80 1763
43 46 57 38 1 839
69 4 16 56 68 1576
35 75 96 98 20 1498
36 36 40 81 58 1554
53 70 10 51 5 1679
73 98 79 43 24 1643
57 62 89 52 42 1601
29 84 1 61 35 928
7 37 100 4 15 1217
55 22 85 30 32 1921
20 72 43 29 59 1820
43 100 54 49 44 679
97 92 51 4 49 1596
53 24 89 41 72 1019
60 80 69 39 60 1799
63 22 85 79 69 874
69 3 72 23 66 1611
90 26 75 26 58 1197
24 76 22 86 14 1928
97 68 56 67 53 1733
24 82 66 43 57 788
57 58 53 44 21 1199
85 42 88 65 16 1124
63 54 48 52 82 950
67 23 93 42 47 1875
17 58 87 41 18 1876
68 95 76 88 61 1303
3 92 51 36 6 1691
70 93 44 74 64 1478
44 30 16 32 92 1802
59 55 14 1 65 739
44 88 62 49 4 1166
62 69 85 85 34 1658
9 10 25 69 30 1681
33 93 11 23 46 648
