5 50
28 25 83 83 19 16
83 44 47 54 84 304
47 80 23 66 95 1093
92 36 1 26 96 765
61 29 49 85 51 934
100 37 74 67 35 718
80 12 90 32 10 1133
38 16 42 22 78 116
31 37 16 3 97 292
81 97 17 22 57 418
65 94 67 22 71 478
5 73 90 37 53 724
19 74 94 74 33 1409
67 74 20 97 4 1143
93 81 40 94 23 943
59 20 66 1 3 899
57 91 55 66 56 1092
52 70 6 11 52 905
12 20 35 70 96 11
71 90 43 10 49 19
85 22 25 44 41 679
64 68 8 71 8 532
1 55 86 28 22 792
2 52 64 62 34 242
53 83 34 85 11 933
56 44 13 17 91 549
94 81 75 40 47 485
4 46 94 63 42 443
68 20 89 62 73 1287
96 66 20 87 65 206
23 82 75 87 85 1521
54 49 88 28 94 1113
22 9 18 36 96 713
57 18 79 58 9 1067
97 86 93 37 83 234
91 38 34 65 10 1427
56 49 26 63 68 1249
7 95 5 20 81 53
63 93 1 38 51 173
66 84 65 55 6 679
62 5 37 62 3 1521
84 97 25 52 19 351
13 23 96 4 2 477
35 14 92 4 73 85
95 71 26 1 65 1468
61 40 92 7 46 62
72 2 35 21 28 948
27 89 44 39 2 1499
5 71 77 74 80 1514
71 47 71 79 33 675
