5 50
32 98 25 67 87 69
34 22 21 31 41 423
73 67 50 70 4 984
53 59 26 88 40 170
50 96 65 91 25 539
81 16 75 3 66 636
21 57 59 30 31 462
29 18 75 97 15 817
40 41 82 65 36 513
69 95 73 1 18 984
71 24 79 13 16 142
27 19 66 20 8 577
96 36 83 56 39 798
17 7 52 24 12 583
79 92 52 14 92 507
92 93 10 4 5 744
21 66 53 66 56 432
27 6 35 76 21 831
93 9 73 59 89 804
96 36 15 100 9 506
8 33 35 73 28 229
68 25 30 100 62 600
18 42 30 57 21 786
49 18 14 68 38 558
21 5 49 54 31 453
45 76 57 11 13 599
80 65 11 99 3 258
80 88 12 91 16 763
35 72 25 48 1 990
75 19 14 44 57 777
100 27 66 2 22 880
39 69 77 17 18 651
44 58 94 30 85 838
21 78 77 3 45 506
76 5 90 28 77 653
55 57 1 67 81 1035
55 56 35 67 46 659
29 91 48 99 19 937
78 64 38 26 6 1022
4 85 51 92 62 301
74 95 22 43 26 820
67 26 98 83 6 864
36 30 14 51 6 363
90 57 28 19 48 518
71 44 97 83 25 531
53 60 77 43 53 622
77 1 56 54 48 767
24 83 3 56 51 977
54 58 84 56 51 483
99 39 64 16 38 1074
