5 50
100 32 23 37 45 863
7 91 47 72 90 1258
7 91 27 10 72 1432
93 75 24 69 4 1025
5 2 43 31 95 1271
15 53 66 94 45 1322
20 58 62 53 4 1316
16 26 25 49 37 667
34 93 17 93 30 976
66 23 98 61 58 1440
59 88 74 7 83 1549
37 58 56 17 87 19
34 77 98 10 94 812
15 46 12 5 63 1036
61 20 55 82 37 13
95 25 41 57 1 1274
64 53 26 73 5 271
1 51 3 96 35 456
87 50 82 49 46 659
63 55 97 99 92 268
75 75 61 44 24 717
20 35 10 97 47 452
25 13 25 48 12 180
11 31 52 37 56 125
93 88 38 40 75 694
71 48 83 1 26 1005
5 97 71 75 25 164
47 56 54 2 61 979
69 64 48 59 79 549
26 50 29 59 92 588
67 74 97 35 76 710
85 96 89 98 63 1411
80 16 18 75 5 327
81 31 87 27 9 1076
15 41 45 72 82 1330
62 22 93 28 31 573
10 54 70 65 81 174
44 83 80 69 82 591
50 86 37 58 54 756
81 6 8 89 48 801
77 94 70 89 77 1327
47 55 100 79 64 1045
50 59 47 36 42 689
27 48 99 100 1 681
34 93 70 25 43 803
28 11 43 9 3 886
52 7 71 37 83 1115
47 58 97 95 41 984
37 75 7 95 14 890
99 86 77 95 100 1166
