8 50
22 62 31 88 57 70 34 99 1295
36 33 100 89 4 16 43 70 1482
77 11 42 29 84 46 51 74 1006
65 45 23 6 85 41 37 41 1378
72 21 42 83 94 51 88 77 1245
10 36 48 10 40 31 38 42 1333
79 12 87 27 98 44 8 98 1455
21 30 49 79 34 73 39 74 1319
77 33 43 85 19 48 56 48 988
46 86 64 68 41 38 61 55 1334
1 38 26 19 49 45 23 73 1458
98 8 56 20 74 19 22 90 1000
54 68 86 97 81 43 4 70 1110
47 60 75 74 73 79 54 90 1279
23 31 50 45 4 1 65 60 1272
16 45 26 89 8 69 42 14 1251
50 44 75 96 35 26 66 99 1276
81 51 94 77 40 29 51 51 1364
23 17 77 90 43 32 1 70 1113
24 26 4 59 81 12 22 97 1357
41 63 33 2 17 12 15 12 1138
8 33 89 4 92 24 33 1 1472
7 6 73 74 58 54 41 44 1093
29 84 14 10 15 36 28 45 1441
95 4 73 6 75 85 91 41 1458
85 64 12 84 27 67 12 25 1018
42 53 59 92 18 84 91 45 1188
67 1 4 25 12 94 86 90 1325
45 35 91 76 2 61 6 13 1292
95 50 71 93 52 64 4 66 1392
25 30 75 17 38 36 100 26 1116
71 7 6 65 88 40 1 21 1235
51 100 39 85 66 88 40 9 1290
50 81 90 74 52 14 28 25 1234
43 61 81 93 78 60 16 99 1434
32 81 7 61 29 24 41 50 1001
63 31 85 49 17 46 44 100 1457
90 92 16 83 90 21 6 93 1231
48 14 24 35 7 66 59 63 1216
6 87 44 58 9 96 82 48 1440
67 72 20 87 13 15 7 19 1323
20 70 82 13 42 49 64 19 1238
89 9 5 71 40 36 49 10 1321
74 32 45 67 40 6 68 40 1006
6 51 53 64 93 39 17 85 1182
99 85 40 68 60 31 31 43 1186
36 50 77 66 73 77 13 57 1481
15 14 54 45 48 37 42 45 1112
84 76 16 15 73 94 2 43 1256
88 88 94 87 77 65 71 92 1421
