5 50
83 91 81 8 64 1849
7 20 6 50 95 1840
33 1 41 85 70 1785
16 28 65 32 51 1976
17 99 7 38 30 1706
88 54 54 7 78 2056
97 90 8 5 6 1936
98 60 39 68 60 1754
9 22 95 17 78 1740
96 12 15 38 83 1903
7 54 99 71 6 1838
71 67 45 32 15 1907
98 85 15 73 29 1806
98 69 60 29 96 1935
1 23 42 38 49 1698
38 89 17 7 4 2046
9 49 57 77 18 2108
43 10 46 23 90 1862
77 46 85 30 47 2048
3 26 50 88 29 2008
79 49 61 47 14 1814
79 17 56 25 16 2100
5 4 43 41 34 1803
87 94 42 89 68 1804
65 45 100 82 82 2074
25 12 99 28 5 1960
81 6 79 17 17 1885
59 32 77 25 52 1908
31 49 4 6 22 1932
41 94 12 44 82 2117
36 88 41 89 44 1860
84 68 98 91 58 2008
70 11 41 42 25 1828
38 21 28 17 64 2152
34 34 49 48 89 2155
43 9 24 96 65 1881
11 22 99 28 76 1740
5 20 3 80 57 1981
12 51 37 76 28 1764
50 7 59 77 97 1824
64 40 76 29 82 1711
34 68 55 73 34 1798
33 54 67 70 73 2041
48 41 7 81 16 1952
52 94 91 87 87 1865
77 69 98 47 84 1978
77 15 53 66 86 1780
25 26 37 1 21 1878
65 46 73 11 12 1740
18 12 21 84 42 1957
