5 50
73 99 69 51 10 264
63 39 44 72 96 735
68 32 51 71 61 258
45 51 25 84 11 477
62 32 66 65 25 297
71 69 11 97 67 693
82 9 83 91 63 706
71 46 18 4 17 648
68 40 59 9 80 315
82 49 87 78 74 421
19 24 27 75 20 689
86 66 40 27 22 601
51 47 61 95 7 321
31 28 79 77 14 632
71 79 16 1 5 636
20 32 25 23 27 338
37 80 17 13 98 297
86 36 44 30 48 671
95 68 41 90 14 378
9 49 8 2 87 582
54 24 77 39 79 561
17 29 62 17 3 293
37 68 78 53 75 376
15 31 23 4 59 458
10 2 36 16 95 305
28 61 18 71 84 248
75 84 37 54 33 598
33 49 35 70 2 440
54 47 77 36 81 309
83 9 1 94 41 703
17 45 61 61 35 358
71 57 97 60 11 590
31 81 24 34 35 690
9 14 48 79 22 648
21 17 40 59 68 463
84 48 12 91 56 643
100 60 39 3 67 670
67 97 44 80 98 680
69 99 17 25 45 266
68 99 57 3 100 735
83 28 66 91 50 352
6 5 83 49 30 313
41 67 40 100 2 635
96 41 7 75 24 698
59 25 53 87 43 494
2 21 99 25 3 329
17 62 72 48 69 454
79 72 84 54 2 682
80 39 70 99 15 707
13 41 69 21 53 721
