8 50
46 89 89 82 56 100 55 84 2533
58 74 44 79 16 79 89 32 2940
48 15 61 50 65 3 57 94 2103
40 81 19 40 47 50 65 67 2712
66 66 98 1 87 97 97 12 1173
1 21 24 29 80 60 52 83 1474
31 100 60 62 14 72 98 84 1660
50 52 29 87 26 24 100 33 2497
58 56 39 64 43 32 100 66 2368
41 43 35 48 51 73 69 97 2259
30 82 6 13 91 3 89 51 2155
74 67 98 64 63 22 82 73 2683
66 92 16 51 3 17 88 96 1827
90 64 63 37 89 22 30 6 1185
48 5 28 45 68 49 1 58 2752
35 45 52 79 23 68 95 84 1902
21 97 14 61 60 73 21 19 3053
18 5 42 79 33 52 54 5 1773
82 6 70 84 23 69 77 47 1634
14 2 5 27 14 31 27 66 2833
84 88 67 84 9 35 19 59 2376
51 77 59 48 60 54 92 31 2556
52 84 25 12 69 3 23 20 2654
15 51 80 90 51 90 62 91 2368
66 47 61 26 55 48 74 40 3043
37 56 13 98 58 96 30 57 1857
1 3 67 59 37 35 78 58 1409
33 62 52 34 90 5 85 62 1613
8 48 94 12 10 3 39 21 2604
85 11 86 42 82 95 51 88 2160
29 16 22 82 52 62 10 37 1075
21 38 11 80 61 45 10 93 2492
5 31 48 57 25 100 68 71 2601
27 41 77 44 68 74 71 71 1140
61 42 93 84 25 59 59 9 1525
22 72 32 36 66 57 55 26 1154
46 22 85 27 61 19 78 55 2609
82 38 34 88 89 69 38 21 1789
81 93 3 95 34 43 89 26 2112
37 22 67 62 17 33 98 46 3009
39 19 55 40 17 85 58 11 1109
98 22 17 10 93 96 64 85 2090
92 42 58 25 99 45 72 75 1448
26 39 20 69 99 46 89 5 1954
87 73 85 6 34 1 87 79 2575
13 10 74 65 35 16 97 20 1693
27 92 77 39 50 5 72 17 2644
100 36 79 95 3 75 70 90 2597
15 69 19 79 27 47 84 5 2208
16 77 29 66 12 64 49 82 1821
