5 50
46 31 46 76 84 1348
98 28 100 40 93 1372
48 31 24 86 14 1227
42 14 22 19 94 1099
42 70 9 7 14 1042
1 59 36 46 100 1255
19 70 43 70 78 1035
14 76 93 7 8 1187
42 24 32 46 63 1039
86 81 62 74 15 1234
23 75 89 50 44 1015
13 97 75 92 66 1135
89 94 43 95 8 1328
11 64 72 44 35 1196
54 45 75 15 48 1292
50 49 44 10 88 1329
38 63 69 12 86 1265
25 20 87 33 70 1062
57 10 20 54 50 1259
64 81 84 73 46 1038
2 58 68 26 45 1028
36 85 4 87 72 1397
21 84 70 62 27 1412
60 91 49 31 1 1230
36 2 64 7 6 1243
68 3 43 19 51 1206
5 83 85 37 74 1426
12 38 53 31 95 1080
7 66 21 24 47 1160
8 63 100 22 25 1105
94 68 29 23 51 1208
22 12 72 17 40 1133
85 10 67 96 94 1027
67 80 98 86 100 1137
81 68 72 70 35 1354
17 24 29 54 35 1188
58 73 45 4 85 1115
13 67 79 92 50 995
29 72 23 20 1 1390
48 88 26 50 25 1382
63 40 33 22 35 1057
76 79 54 66 54 1229
76 62 76 93 72 1220
68 50 89 24 89 1370
36 38 63 63 21 1170
8 17 95 23 37 1473
64 5 91 5 53 1253
50 14 60 49 25 1156
15 41 76 29 43 1363
1 51 61 50 61 1185
