5 50
71 38 28 1 86 1031
69 71 82 23 62 1328
59 72 77 47 64 2764
55 94 98 11 29 2974
5 93 41 69 79 2630
25 38 62 81 92 1095
36 31 1 94 24 2492
81 54 100 64 66 2327
17 92 86 9 57 1316
20 32 22 22 54 2070
88 80 73 11 38 1239
27 43 47 68 47 1527
59 25 41 98 36 2678
75 5 13 76 32 2278
88 42 78 20 12 1909
32 46 92 72 31 1631
46 43 31 26 31 1677
35 86 67 42 44 1759
33 13 13 94 3 2614
63 60 29 59 88 2371
4 70 26 54 33 1734
56 2 64 19 24 1288
57 59 100 60 3 1203
87 39 45 4 50 2653
4 92 98 37 79 2901
54 49 43 54 36 2928
35 26 6 2 34 2254
23 44 78 48 97 2767
68 67 31 93 15 2935
38 33 48 74 5 2914
21 90 89 3 46 2658
85 73 15 76 97 1061
64 16 1 7 31 1074
72 10 16 70 35 1525
62 47 1 55 49 1907
29 51 49 37 20 1784
58 3 1 74 22 2723
60 87 92 27 3 2210
59 30 35 88 84 1239
40 77 75 91 77 1758
67 43 14 59 74 1215
74 4 80 3 33 1266
18 43 64 42 55 1834
2 25 84 86 47 2158
89 67 79 56 80 2838
77 73 96 93 61 1285
24 62 27 57 3 1744
72 59 69 63 65 1900
69 30 40 50 49 2236
84 31 55 56 63 2094
