5 50
70 16 86 7 7 212
81 25 62 76 73 217
65 17 54 67 18 484
93 90 9 12 50 10
59 1 17 23 63 957
70 24 21 71 6 381
71 87 84 33 34 174
7 82 89 97 90 540
25 76 44 53 28 169
79 33 61 97 60 135
54 20 2 66 99 1151
16 61 28 26 20 770
84 71 77 77 2 44
80 8 34 77 17 660
96 98 98 90 55 313
93 94 40 33 98 277
60 49 6 57 58 374
3 29 93 17 65 911
36 55 75 90 45 278
40 84 69 56 95 106
92 76 70 98 78 461
73 21 50 1 22 451
69 41 34 64 27 96
5 83 58 53 62 953
22 95 41 60 1 86
45 9 52 16 64 299
49 3 11 50 34 1005
97 66 60 60 80 316
15 57 99 78 39 252
77 67 14 79 13 378
23 94 32 13 46 995
41 97 54 77 87 1008
48 41 45 81 27 1009
47 77 60 36 71 1046
66 10 75 13 45 593
92 19 4 56 79 470
100 11 65 78 96 79
94 11 46 79 100 875
95 34 23 64 18 413
26 43 84 91 39 176
15 41 28 73 70 400
86 72 55 51 49 961
15 30 70 63 34 728
97 25 68 80 64 282
72 62 41 48 13 357
73 33 5 44 67 186
100 45 96 56 49 1157
80 62 44 44 65 873
2 64 84 76 59 203
47 93 60 55 10 874
