8 50
25 14 94 29 56 2 97 49 889
75 31 73 92 45 96 21 38 521
34 67 66 62 15 60 33 34 353
25 81 38 96 64 85 71 75 531
53 73 82 61 13 26 94 20 399
55 74 95 98 59 85 55 14 692
8 91 68 11 13 51 91 83 696
4 28 83 80 39 25 43 98 384
11 10 56 21 45 92 11 84 877
34 42 1 83 14 42 99 52 408
88 82 24 60 65 64 93 97 612
35 26 52 63 32 86 97 47 760
11 49 81 10 84 70 3 34 351
2 97 59 93 30 41 61 23 1072
26 71 71 34 1 35 90 12 511
93 68 6 28 77 60 16 56 700
81 25 96 2 58 30 51 17 196
62 88 50 23 55 56 36 88 882
26 5 84 28 16 70 91 28 344
8 62 41 39 72 38 81 52 1088
1 3 46 88 63 45 90 17 383
30 51 58 38 73 32 16 5 850
40 21 13 54 37 43 95 6 974
91 36 96 41 83 17 91 55 1023
27 59 18 97 27 91 17 38 596
41 42 74 24 96 52 14 93 604
1 43 11 1 26 36 59 2 493
98 38 51 84 8 34 39 50 1105
71 93 5 7 75 83 84 21 605
81 1 99 36 73 66 34 32 770
27 47 80 68 74 59 98 30 420
5 71 91 3 74 55 72 48 155
21 93 74 9 97 3 30 93 1009
13 23 72 82 14 64 35 67 392
47 28 56 99 5 33 81 4 445
68 57 12 7 13 21 32 22 836
86 94 2 35 86 5 92 15 841
54 25 10 43 64 36 70 65 269
46 68 50 50 11 77 3 63 1020
27 2 81 50 49 7 80 38 108
52 26 37 98 99 10 25 6 192
30 39 65 46 36 76 14 26 701
18 69 83 22 12 85 85 75 623
2 35 7 31 10 27 38 94 266
92 63 34 53 90 78 78 50 18
90 21 100 95 36 81 68 43 18
8 20 47 62 32 15 3 37 909
98 35 37 31 88 95 86 14 273
59 6 58 68 13 5 86 87 556
62 11 52 75 42 86 20 71 455
