5 50
71 13 24 6 6 2121
66 4 7 62 48 2500
64 71 13 20 35 1904
24 41 74 59 12 1968
4 97 23 78 90 1639
98 34 13 39 27 1952
8 92 87 30 46 2117
61 72 31 93 85 2090
47 46 35 82 49 1996
92 81 65 39 69 2263
36 94 55 91 51 1363
90 21 1 81 1 2040
7 6 11 16 24 2290
46 11 29 43 73 1871
98 8 67 47 64 1381
56 85 76 66 22 2052
2 61 49 69 89 2056
98 64 39 28 53 1883
85 15 90 7 88 2034
40 55 6 45 53 2542
49 95 93 25 74 2499
25 14 33 90 54 1755
22 19 18 48 85 2253
33 5 42 50 86 1491
90 8 20 68 46 2269
20 77 16 11 35 2320
30 18 29 75 80 1773
40 44 42 99 60 2230
43 47 53 71 32 1602
15 85 57 15 43 1891
36 79 47 33 40 2100
12 46 60 12 23 2339
21 43 31 15 36 2541
16 40 48 50 5 2220
85 61 5 39 98 1893
51 87 95 77 53 1683
76 26 48 93 4 1732
75 58 38 71 43 1974
38 25 7 52 68 2200
9 97 22 49 70 2361
92 38 61 66 74 2331
79 67 87 19 71 1815
73 7 91 41 52 1752
92 23 68 70 14 1415
44 53 31 52 19 2228
68 49 71 20 61 1669
59 13 32 44 67 2390
8 68 49 74 65 1717
93 70 73 76 5 1535
42 49 65 67 23 2113
