8 50
7 82 8 35 97 72 68 81 655
18 77 27 52 25 39 35 8 1167
50 61 70 98 69 67 50 14 982
38 36 95 30 8 58 10 100 228
76 77 31 97 72 73 45 84 104
79 2 8 5 52 69 55 42 841
23 5 47 81 22 73 32 40 1185
56 91 15 13 34 81 43 78 369
71 28 8 24 34 63 45 14 505
9 69 1 5 48 49 32 26 791
18 36 86 19 26 87 41 97 107
54 100 78 93 17 3 50 69 278
95 86 83 42 38 68 16 56 959
34 81 25 21 40 51 66 86 1224
82 98 7 78 73 94 20 72 161
56 9 98 60 4 4 46 17 1123
77 91 52 57 45 59 2 100 517
10 34 82 37 96 99 21 51 331
87 68 10 11 94 18 83 27 760
77 96 66 95 84 74 78 33 1331
100 19 23 2 26 85 79 7 1014
14 84 91 25 26 22 30 53 301
98 13 16 90 98 97 73 20 599
26 68 26 61 53 87 96 38 800
5 67 88 57 58 40 92 72 676
82 20 84 76 79 63 55 91 1024
67 66 87 75 64 49 29 84 1184
30 58 66 12 14 22 79 48 723
60 98 88 94 24 31 15 97 1288
73 89 9 72 78 10 57 7 1213
5 49 40 78 81 33 29 55 215
14 92 62 86 12 8 71 23 428
52 1 13 32 17 6 21 16 155
3 32 34 7 89 28 1 7 1447
49 52 8 30 76 26 80 37 872
54 97 70 72 30 48 16 19 1488
29 26 36 48 69 62 19 70 225
14 88 35 66 48 96 77 100 1102
54 23 1 52 54 75 86 1 981
53 54 59 50 61 58 58 99 548
29 87 10 70 51 6 11 35 798
67 53 45 89 68 66 47 70 56
41 5 16 48 22 76 51 28 242
3 45 51 84 36 66 5 64 441
13 92 5 14 80 86 71 23 1276
21 55 38 31 37 75 33 64 729
46 33 66 10 33 5 15 99 61
21 9 15 89 64 45 97 14 795
100 39 75 48 39 3 34 13 221
86 51 11 70 78 98 29 40 522
