8 50
44 48 50 3 40 31 87 77 427
40 10 93 51 56 44 42 11 1680
23 17 20 28 69 83 15 25 2169
96 75 5 50 59 51 49 78 615
51 62 80 20 35 36 60 67 1774
22 22 14 31 30 53 23 81 1251
99 87 57 62 64 5 43 17 2028
77 40 46 21 42 45 93 88 1126
62 67 7 77 8 76 48 3 428
74 31 93 59 27 56 16 96 625
47 20 36 13 36 66 96 99 1195
92 26 42 27 84 73 34 30 499
82 34 39 11 74 52 34 53 1434
50 31 68 50 60 43 78 34 664
29 26 15 68 50 66 68 50 1684
29 80 29 84 61 35 22 39 678
59 79 49 62 10 95 53 72 1365
12 32 6 55 33 64 87 57 1131
42 64 84 85 62 34 66 100 332
26 34 11 12 39 61 26 40 599
48 34 75 38 51 61 55 2 1145
60 85 75 95 5 31 69 83 741
97 31 30 90 15 57 50 35 1276
48 64 53 66 4 45 63 77 2315
41 4 22 14 86 7 75 69 387
39 23 42 98 60 46 94 81 2093
7 9 73 12 46 87 59 56 854
13 55 89 76 4 71 28 78 1896
44 8 95 75 31 43 25 54 528
65 85 73 56 8 47 56 74 1767
31 89 69 18 82 69 51 23 258
73 38 84 100 8 89 4 95 651
30 74 60 37 57 48 68 24 444
93 59 67 100 78 62 90 40 1499
63 72 66 78 40 9 29 80 1002
56 21 35 75 11 41 21 27 1948
86 79 55 88 93 91 54 33 694
55 77 52 32 29 45 51 73 809
7 5 84 62 96 42 81 86 1207
29 61 73 33 31 30 90 99 965
65 74 78 20 26 74 42 88 1930
93 16 92 54 38 86 45 22 1515
9 80 39 47 45 97 43 62 1489
100 89 25 81 9 93 38 87 864
70 23 63 57 33 20 76 80 379
48 95 84 75 12 60 87 91 722
18 33 47 45 43 68 99 45 1271
54 13 21 29 11 53 43 19 619
35 3 41 30 81 54 17 58 1198
75 15 50 71 77 80 13 68 881
