8 50
13 5 83 84 64 24 13 11 856
83 45 38 34 73 10 77 96 625
75 37 82 37 100 23 98 89 33
26 88 63 94 92 67 91 78 715
25 80 22 27 53 84 3 38 1463
95 61 43 25 67 59 36 68 1203
61 90 64 42 93 29 76 73 555
32 18 52 43 44 79 16 76 951
91 25 72 24 77 79 71 19 167
31 60 89 85 94 1 96 27 1142
45 69 60 7 98 82 57 47 306
47 61 93 13 4 36 13 58 1314
91 95 33 40 64 76 72 40 711
14 4 16 64 74 7 29 77 1369
47 1 71 21 45 18 27 14 841
18 71 75 58 42 98 36 58 1195
21 64 8 53 46 12 87 55 157
46 43 31 85 55 22 4 79 1359
67 39 73 14 96 77 23 7 771
69 25 97 41 88 89 29 71 425
57 90 10 82 52 63 19 43 668
46 78 55 52 85 58 9 91 613
93 52 49 65 46 98 83 21 308
11 83 64 39 76 40 92 82 460
59 54 59 27 72 37 30 81 882
14 32 79 46 49 95 55 99 330
93 94 88 59 55 30 27 76 588
70 28 56 39 1 52 83 77 817
36 88 13 33 35 82 4 36 87
2 47 4 94 21 85 15 19 1327
47 9 21 66 14 85 71 57 1443
21 30 92 37 95 61 53 67 1204
78 11 11 55 65 13 87 72 818
74 17 69 33 18 83 48 58 221
56 27 53 29 49 15 49 74 1557
21 75 100 46 49 7 40 56 896
26 97 91 26 55 84 40 49 277
78 24 55 77 17 46 7 52 558
34 62 95 5 83 76 28 69 1044
40 4 82 53 29 98 9 49 166
69 68 2 24 91 17 57 56 546
78 70 85 56 60 70 67 1 451
42 84 100 61 72 23 90 42 1417
67 81 43 90 58 13 11 5 798
41 5 35 7 31 5 18 72 1380
86 7 52 74 25 51 93 30 374
29 47 27 41 36 86 11 56 557
74 50 70 69 29 37 94 48 1008
68 72 18 43 61 75 95 42 859
99 77 28 13 18 57 44 62 1002
