5 50
76 58 48 41 54 1091
38 84 68 77 11 1123
58 72 69 52 25 780
78 71 45 25 83 1188
86 13 2 12 35 973
52 8 86 39 24 1166
17 10 68 4 7 1884
38 27 21 30 67 936
92 51 32 46 86 1208
28 44 82 37 95 1232
23 12 17 100 81 1614
43 38 9 39 53 1599
48 4 69 5 39 842
43 39 41 59 28 1551
4 75 20 31 94 870
84 94 45 83 72 646
55 54 55 60 49 632
81 12 73 65 74 1318
70 12 44 72 82 1451
67 42 57 65 19 894
36 30 45 94 14 1523
91 88 79 44 15 1123
8 19 36 80 53 1536
98 89 98 68 31 1723
14 11 5 76 15 968
90 4 42 15 72 1560
89 15 53 31 64 1375
49 53 51 46 94 1175
29 46 49 52 88 884
7 29 75 53 53 1286
96 72 13 97 99 749
97 59 80 51 6 1411
32 2 71 46 51 1621
36 74 59 77 48 1406
83 38 87 46 43 1138
22 48 57 19 10 1239
6 84 11 77 49 775
26 66 2 90 68 1889
10 88 93 5 87 1698
36 12 79 59 28 985
22 64 73 22 73 1533
87 26 6 43 60 773
79 32 87 26 32 685
82 6 7 68 92 940
96 9 39 44 24 1360
59 68 84 70 97 1884
7 58 53 69 2 1647
71 76 78 42 71 883
1 38 80 76 84 1180
46 48 78 60 33 1564
