5 50
72 18 72 41 32 1128
1 88 67 13 64 1340
83 75 92 46 57 1275
27 66 57 62 39 1246
25 48 77 56 57 1436
15 52 93 27 93 1131
7 15 40 27 8 1162
7 91 16 41 54 1015
87 57 100 89 64 1293
13 72 94 48 79 1346
17 3 11 99 82 1064
56 18 46 89 26 1101
95 42 91 27 58 1147
45 60 27 34 93 1223
13 93 30 24 92 1349
6 5 97 91 57 1273
1 79 33 73 32 995
20 18 35 8 96 1411
85 43 72 87 91 1344
63 46 73 89 37 1440
36 64 22 14 66 1355
79 50 76 60 93 1286
58 37 19 36 25 1155
100 25 23 79 28 1299
43 10 32 87 51 1236
12 43 97 37 73 1358
59 68 97 81 41 1367
26 1 29 3 72 992
69 41 37 30 4 1354
97 10 93 24 32 1069
82 80 18 94 61 1327
94 15 49 6 10 1140
6 10 73 40 17 1377
45 30 40 85 86 1070
51 25 94 65 15 1045
7 39 44 8 83 1130
24 88 62 74 37 1190
25 38 57 80 82 1397
93 97 73 12 37 986
67 21 2 68 81 1475
13 22 94 21 69 1422
41 30 45 17 20 1265
7 95 14 81 77 1158
3 52 12 33 92 1203
86 75 1 84 7 1265
76 89 79 96 85 1240
21 8 90 45 36 1319
40 13 89 4 27 1107
9 37 35 41 12 1018
84 33 31 24 25 1272
