5 50
79 28 72 51 57 388
5 5 18 46 83 698
49 97 6 100 61 704
7 57 40 36 49 724
40 22 2 23 50 590
29 96 8 84 24 689
59 15 83 79 85 263
78 6 67 4 4 624
7 43 44 86 58 470
14 40 13 63 21 651
48 70 91 73 25 245
57 55 36 56 63 291
52 78 28 87 66 439
16 78 51 54 36 680
10 40 93 95 59 610
66 39 27 67 40 579
56 59 72 72 38 634
37 39 78 83 67 512
51 59 49 24 80 325
67 55 13 80 10 449
33 42 53 79 7 268
94 53 58 50 28 245
34 64 35 14 54 266
80 40 87 54 77 633
28 8 77 9 23 460
74 35 16 54 84 360
23 22 68 94 26 661
81 93 28 85 70 439
85 53 57 1 45 496
10 76 70 25 12 562
71 51 22 49 26 588
20 86 57 35 6 463
48 99 39 43 50 325
25 1 45 75 50 608
20 5 38 22 67 272
5 40 7 23 45 481
42 11 37 35 11 585
76 65 86 43 15 674
7 44 32 68 99 623
54 91 42 74 47 627
22 14 58 83 93 534
72 90 43 91 94 711
51 30 6 3 62 573
10 21 7 96 59 393
25 78 98 15 78 687
30 76 95 72 36 329
24 68 13 37 35 479
90 28 49 28 49 345
39 93 84 9 57 243
22 100 27 87 29 393
