8 50
7 72 16 15 70 48 13 24 1336
89 59 13 67 11 39 37 13 1189
44 45 91 95 6 90 31 85 1025
76 41 48 5 66 84 63 56 1220
13 44 69 75 73 9 26 49 1066
56 6 90 65 32 61 35 61 1158
45 78 27 46 17 17 8 63 1263
4 65 77 58 76 95 26 50 1362
32 3 63 6 42 49 33 70 1357
3 34 65 72 34 21 53 40 1103
21 5 92 67 11 100 94 89 1306
8 78 96 77 15 26 9 3 1258
49 77 9 32 39 13 61 60 1318
9 59 19 80 96 99 51 100 1394
1 59 54 80 19 79 65 23 1445
28 48 90 1 82 36 35 73 1443
8 97 99 73 26 64 70 69 1438
44 3 39 81 71 62 11 79 1291
40 75 91 72 71 45 26 10 1464
59 50 54 37 15 3 84 74 1090
36 39 34 81 72 94 44 66 1230
94 97 25 31 83 3 47 60 1195
73 66 29 94 37 22 44 8 1419
14 5 60 91 88 100 37 97 1070
83 84 61 8 44 21 64 36 1446
65 11 57 86 87 6 2 10 1484
91 15 36 32 22 51 11 26 1338
94 68 61 70 10 54 65 82 1328
79 56 37 39 52 46 37 77 1335
18 26 92 67 49 78 45 79 1369
7 51 26 69 66 100 20 21 1182
84 72 16 10 61 54 100 52 1321
49 82 32 20 38 36 35 71 1080
32 57 65 92 95 83 7 66 1316
17 6 25 53 81 28 18 100 994
59 24 69 47 57 39 39 17 1305
97 35 96 5 48 9 23 16 992
42 32 88 50 30 10 48 15 1068
5 19 68 100 83 84 53 82 1373
10 1 4 49 17 14 4 28 1437
19 90 85 36 96 41 59 58 1332
31 53 86 58 58 39 21 58 1378
7 7 40 22 19 71 98 9 1231
84 27 18 52 31 66 82 57 1013
26 100 37 63 2 69 66 92 1388
8 26 62 67 51 5 8 39 1386
14 89 63 67 78 90 88 64 1398
46 93 86 88 57 80 18 24 1271
19 89 2 96 56 85 89 62 1483
30 31 64 24 53 37 88 86 1038
