8 50
34 3 82 56 91 69 24 68 1482
91 27 74 13 64 51 12 70 1187
87 44 52 30 42 62 2 15 1336
42 85 73 37 5 40 66 27 1353
48 10 94 69 20 78 47 87 1051
2 51 31 5 49 62 45 75 1349
87 72 88 71 6 30 53 64 1237
12 70 99 41 61 6 81 31 1327
5 100 92 64 54 50 17 65 1134
14 31 49 88 16 50 99 73 1397
95 57 34 86 83 1 12 17 1285
36 83 78 27 12 46 13 77 1434
5 100 51 65 11 22 14 11 1150
63 16 30 45 49 91 82 73 1174
37 65 77 68 80 42 97 74 1525
29 33 68 28 46 83 17 85 1297
41 49 73 6 22 28 62 88 1411
46 40 64 62 44 90 34 10 1162
8 14 59 20 49 23 97 62 1357
4 46 90 19 97 37 54 34 1199
4 41 40 56 60 1 81 53 1531
90 53 60 100 74 49 98 73 1131
93 70 6 83 23 75 36 33 1039
31 28 80 82 79 63 20 93 1145
42 51 89 66 47 10 66 17 1194
47 53 49 62 90 41 92 46 1404
6 48 99 77 41 66 42 29 1474
80 1 26 5 47 47 15 89 1518
35 99 12 17 78 17 10 85 1248
98 54 82 24 88 67 66 64 1119
58 12 6 89 23 92 79 79 1233
46 7 39 21 6 76 6 39 1247
56 57 85 40 97 88 17 85 1530
86 86 26 36 13 29 73 92 1160
86 6 78 83 69 85 82 42 1070
86 97 80 30 34 66 3 19 1152
40 13 3 37 25 53 19 100 1067
83 95 38 56 80 61 37 49 1521
53 94 25 69 56 73 20 63 1082
83 75 34 79 26 33 44 24 1216
84 3 20 48 93 74 56 38 1149
54 40 95 48 21 61 85 12 1295
23 52 5 20 35 84 1 13 1257
53 92 34 84 47 94 10 46 1494
79 79 2 90 45 77 3 100 1042
26 33 54 85 13 95 82 48 1286
48 72 31 27 43 46 69 54 1313
69 50 3 75 15 95 48 30 1052
9 41 74 19 37 24 5 10 1200
55 98 70 46 75 94 61 50 1049
