5 50
73 99 91 96 41 2140
33 2 52 83 88 2248
6 95 6 73 1 1777
54 19 85 49 5 2581
95 85 85 47 22 1939
65 27 81 90 33 1563
40 67 15 38 42 1891
1 26 33 3 27 1980
72 18 7 64 48 1778
86 4 48 51 92 2153
4 37 39 13 74 2181
6 26 62 17 49 1805
5 87 25 91 84 2026
25 95 37 31 60 1553
95 1 77 38 35 2147
17 84 43 31 7 2284
46 37 36 58 99 2050
99 98 68 90 49 1757
81 89 68 18 41 1595
47 62 38 4 21 1551
23 24 92 89 91 1991
74 10 49 21 16 2019
91 66 91 47 24 1834
32 41 68 47 13 2413
95 52 8 88 65 1392
24 93 55 43 87 1561
34 28 2 91 63 1928
40 44 49 56 13 1484
28 25 41 34 54 2065
82 14 17 31 22 2210
66 64 28 89 90 2291
63 47 50 33 12 2454
67 82 13 92 61 2458
39 64 17 51 83 1997
100 85 31 11 100 1620
58 43 66 52 18 1816
25 15 87 86 25 1962
18 23 17 22 24 1430
36 54 48 97 76 1847
69 87 30 71 85 1574
1 97 7 32 25 1588
88 99 63 51 91 2591
59 42 73 49 62 1741
14 31 89 6 15 1610
31 59 64 56 84 1675
74 93 40 96 6 2573
76 20 64 9 77 2382
79 91 61 25 13 1814
9 82 23 47 57 2349
10 94 93 5 24 1675
