5 50
17 1 89 22 2 1361
9 88 13 93 15 1445
23 52 55 91 35 1074
17 64 69 7 11 1008
70 6 72 70 77 1107
65 57 53 100 81 1044
55 34 22 37 92 1337
12 17 4 55 39 1217
85 94 87 56 28 1269
31 59 9 29 38 1164
52 59 43 97 85 1449
24 11 91 24 84 1126
44 50 38 47 53 1391
2 17 41 20 50 1090
55 60 19 78 83 1135
1 92 64 14 65 1223
33 66 56 43 63 1065
52 40 11 30 22 1441
99 24 18 89 69 1165
73 28 50 80 61 1304
52 15 83 21 62 1140
53 34 43 2 10 976
3 16 56 8 72 1151
80 64 1 34 33 1151
83 4 66 85 50 1129
32 33 53 54 40 1103
81 59 68 27 6 973
54 78 93 86 77 1329
95 21 93 44 39 1398
36 47 1 22 78 1187
35 82 44 67 28 1368
46 85 49 18 83 1242
4 88 72 36 33 1387
86 87 46 55 85 1178
65 75 18 13 55 1414
57 81 38 76 4 1412
55 77 11 47 88 985
90 6 36 38 74 1310
80 14 41 54 28 1346
95 22 52 67 78 1342
14 64 56 14 95 1367
38 34 20 47 14 1109
42 33 97 28 66 983
100 76 1 44 51 1146
9 5 15 59 93 1110
82 74 17 55 21 1342
18 54 35 52 59 1416
14 30 44 74 57 1079
60 52 82 69 92 1098
25 43 8 38 76 1210
