8 50
97 74 96 60 11 64 4 82 1950
98 68 36 74 64 45 81 58 2048
23 16 73 74 78 50 86 29 2177
60 83 77 74 41 98 82 61 2152
78 62 22 56 31 43 90 8 2124
95 86 21 56 88 37 41 24 2010
48 70 14 85 67 41 92 13 2205
53 8 62 73 22 83 66 75 2156
4 4 83 45 58 64 96 45 2079
55 3 15 54 8 37 27 95 1867
5 42 77 91 73 3 73 64 2343
17 36 83 40 27 88 52 57 1881
87 60 63 40 78 96 7 65 2359
85 20 7 40 68 2 23 15 2122
60 3 44 78 93 75 71 55 2133
28 100 74 4 60 58 64 69 2157
39 77 71 74 96 47 50 72 2102
31 65 7 35 100 67 53 24 2303
75 82 55 20 75 37 38 57 2047
30 56 95 7 45 13 3 97 1874
80 31 78 53 36 4 34 70 2050
71 85 90 41 52 37 94 98 2064
55 30 44 31 87 79 36 37 2129
6 46 1 46 93 12 44 71 2261
93 51 16 75 9 87 42 27 1915
90 57 25 75 95 59 61 77 1950
36 56 41 49 16 91 39 33 2357
42 9 8 30 33 56 79 10 1868
72 61 82 79 49 66 38 47 1867
7 44 42 74 54 54 83 34 2234
62 27 6 57 72 45 66 80 1976
92 71 60 49 50 20 9 70 2162
7 36 95 24 70 74 98 31 1957
48 71 100 84 73 18 66 71 2046
8 68 57 87 13 50 82 10 1965
13 17 30 45 45 53 45 70 2238
63 81 7 52 45 29 7 9 1878
35 81 51 7 80 86 64 93 2259
91 59 44 86 20 22 94 55 2280
68 86 85 72 77 10 79 100 2089
39 55 62 18 30 51 64 15 2360
1 79 43 86 90 67 5 69 2154
64 7 74 20 29 84 58 14 1846
87 79 21 72 21 88 79 75 2041
37 43 69 26 69 32 9 79 2160
10 25 89 20 9 12 95 1 2032
77 4 52 68 91 100 2 18 1843
72 19 62 64 72 91 26 15 1989
31 52 95 64 25 7 99 31 1896
98 38 57 55 91 10 24 55 1882
