5 50
49 50 84 3 92 1948
94 84 57 53 50 1748
79 72 33 80 81 1973
45 7 72 9 65 1880
97 16 86 46 81 2058
24 54 50 80 73 1790
86 73 70 21 14 1899
59 18 76 49 94 2039
27 13 30 90 79 2032
10 36 23 43 52 2147
12 7 60 10 49 1893
91 4 17 12 1 2064
39 24 24 68 96 2149
32 43 84 99 87 2118
83 21 21 89 16 2107
38 1 47 14 60 2133
89 56 6 33 40 2151
72 8 34 70 19 2139
27 76 71 90 40 1715
82 35 56 48 77 2063
21 55 61 66 1 1694
35 95 96 12 84 1976
35 50 99 48 64 1872
31 99 48 92 14 1789
75 95 69 93 11 1790
95 92 68 55 47 2104
89 15 19 40 29 1699
84 65 56 80 21 1965
3 7 59 38 55 1883
40 70 98 41 76 1680
33 68 48 58 24 2096
12 71 27 6 70 2023
85 74 14 13 2 1853
34 69 88 37 2 1772
3 45 6 38 82 2144
63 1 29 31 70 1903
48 2 62 16 8 1942
35 36 34 7 6 1789
47 87 16 93 22 1904
28 28 29 34 45 1970
67 47 80 3 2 1879
64 35 55 8 21 2064
77 22 18 65 53 1806
73 39 69 99 35 1891
88 52 15 76 100 1752
37 3 24 28 13 1992
44 48 37 38 51 1844
8 50 36 88 98 2131
8 14 54 39 22 2105
36 76 11 86 86 1886
