8 50
59 51 59 82 87 4 14 7 1532
73 93 79 43 56 55 70 27 917
89 96 41 49 23 54 75 88 1833
15 75 42 36 76 29 89 85 1126
10 35 46 38 41 12 18 32 1703
17 79 44 68 47 72 34 98 1206
98 63 13 50 75 34 93 48 1195
26 92 97 26 14 7 100 81 877
47 65 29 89 69 31 91 49 1772
24 73 91 7 46 62 50 59 1346
65 59 13 46 82 14 60 24 1731
84 41 15 94 13 95 71 10 1619
61 70 24 8 41 78 41 22 1101
63 76 89 18 62 62 5 10 1609
21 15 46 9 79 6 96 68 1450
78 8 31 83 64 73 49 45 718
25 46 60 1 95 24 5 67 882
18 24 45 31 3 64 79 96 1140
87 33 99 11 44 77 57 21 1929
20 50 61 69 1 44 82 75 1413
72 100 12 74 8 70 50 77 1785
25 96 83 68 85 15 17 79 1489
99 53 64 56 19 87 52 69 1353
74 34 33 28 86 5 10 34 1571
43 45 28 29 91 3 100 98 732
8 45 4 59 92 91 54 5 879
85 96 49 84 85 89 24 13 932
91 98 88 32 88 39 2 76 1189
13 36 41 40 62 68 80 23 654
78 30 83 90 43 21 26 33 997
21 18 75 95 58 55 42 73 1705
41 90 9 58 79 91 21 36 1631
1 66 89 6 3 36 69 29 1285
32 88 12 87 96 29 26 38 1804
38 18 37 93 26 16 68 82 840
82 99 57 8 3 92 59 29 1032
78 38 27 95 71 32 16 6 668
22 90 24 37 77 58 77 46 1875
53 100 43 11 76 29 28 90 1044
55 85 38 55 67 35 36 89 826
77 61 16 42 90 76 23 96 1587
48 53 34 60 83 13 27 64 1057
7 46 46 47 6 74 10 63 1143
60 51 74 4 56 68 33 31 819
74 87 34 77 88 7 92 21 801
2 100 62 76 45 17 24 48 1476
85 42 77 34 74 86 60 12 1215
76 38 25 53 87 26 25 51 1617
73 3 100 35 97 58 86 55 1843
59 60 80 5 1 23 73 34 808
