5 50
31 70 13 62 18 1702
4 26 2 76 17 2754
92 21 81 39 40 2056
59 47 13 31 22 2383
71 11 54 11 28 1554
18 53 57 19 82 2457
68 34 23 62 24 1468
10 18 67 83 13 1280
7 14 92 12 1 2754
43 85 72 49 42 2579
93 70 28 47 24 1986
90 75 16 9 69 1871
54 84 99 44 57 1573
49 67 36 5 11 1533
29 42 72 27 89 2009
28 48 69 24 53 2443
38 46 47 23 44 1108
96 47 68 39 59 1988
10 37 15 19 53 2327
87 15 83 86 62 1692
29 86 63 46 53 1903
65 60 22 85 52 1524
6 86 62 40 32 2056
58 25 36 47 7 2200
52 2 12 12 42 2778
1 13 69 11 80 2699
48 15 17 34 94 2940
60 36 32 76 76 1195
24 50 86 64 1 2093
81 13 74 90 100 1023
15 85 18 6 100 1041
75 51 28 39 4 2715
23 32 45 4 45 2690
13 69 100 35 39 1456
30 33 25 73 61 1899
90 99 25 10 35 1534
75 72 55 54 65 1011
31 78 32 14 89 2791
64 87 62 94 95 1100
79 9 99 45 23 1728
100 67 41 34 65 2872
50 66 49 100 32 1794
66 34 96 60 9 1879
77 93 77 9 86 1223
47 88 96 55 71 1585
63 3 75 80 62 2955
50 68 10 33 50 1693
77 34 97 78 67 2124
80 66 85 21 20 1112
87 58 98 99 12 1971
