5 50
1 63 64 54 75 2414
49 55 27 66 52 1815
91 64 83 27 42 1395
96 1 53 27 86 1373
14 82 21 84 5 2569
19 5 17 58 58 1475
26 89 66 14 71 2403
94 64 18 21 22 2260
8 44 77 34 31 1880
76 60 56 16 5 2430
1 4 34 68 39 2370
92 45 38 60 94 2289
81 12 56 27 4 2086
97 14 44 92 6 1445
56 7 86 27 46 1367
71 13 72 45 73 1591
77 3 56 60 21 1825
87 58 18 86 56 1751
61 11 38 45 39 1948
96 6 2 19 24 1880
20 88 58 84 64 2353
37 54 9 91 84 1633
22 34 80 49 36 1646
85 99 57 56 98 2312
47 37 33 59 41 2544
51 57 7 73 52 2322
12 45 39 56 9 2582
22 50 43 56 34 1958
27 29 67 67 66 1428
84 52 72 89 9 2389
23 73 25 16 32 2522
58 92 68 47 41 2094
83 67 90 12 29 2148
81 82 67 65 7 1998
78 94 41 70 12 1742
10 18 77 17 69 2389
69 59 76 63 95 2426
59 86 82 29 54 2091
100 53 95 99 84 1700
84 39 89 33 75 2603
4 30 50 58 43 2299
54 37 68 100 30 1685
51 47 86 2 46 2363
23 9 65 26 96 2451
80 48 58 41 10 1604
100 32 10 39 83 1974
6 6 79 45 37 2561
21 15 79 45 96 2077
53 45 74 35 41 1937
20 23 17 67 30 2163
