5 50
20 53 68 93 20 1601
74 78 42 65 93 597
74 85 49 83 99 1607
37 81 78 51 23 326
64 76 6 95 80 1737
33 29 82 4 38 570
67 52 66 62 29 688
63 46 70 48 4 351
67 69 81 70 37 775
66 48 11 26 56 669
68 1 44 5 26 1703
50 99 70 75 24 743
55 51 59 33 65 1949
36 24 20 19 39 2068
100 18 84 79 42 2293
15 97 32 86 96 1707
96 96 27 55 67 1676
65 56 54 73 67 365
70 63 66 28 25 2058
47 45 83 17 65 2015
93 6 15 29 73 1903
12 83 42 93 46 2016
64 51 36 56 35 2262
85 95 54 81 74 920
26 79 96 100 61 1107
97 2 29 66 82 849
27 61 6 52 84 528
96 56 28 84 98 559
37 32 48 48 20 702
68 25 13 74 97 1570
28 22 46 1 66 1039
97 9 70 77 88 314
52 19 99 64 44 1341
71 36 83 87 23 1122
49 27 93 61 71 1646
4 58 34 89 97 1657
66 34 30 22 53 1782
94 11 81 60 15 1653
4 50 95 8 68 661
95 45 83 10 7 1685
53 60 41 70 70 450
63 11 46 89 89 522
74 21 81 92 63 1282
43 67 62 23 33 2402
19 19 79 78 51 729
74 95 97 23 94 1475
15 23 5 77 80 2051
22 26 16 52 82 1726
20 40 48 91 77 2394
21 6 32 72 73 721
