8 50
91 30 34 47 72 39 42 67 2141
71 72 42 84 11 95 92 39 2421
84 60 24 86 70 74 29 39 2974
100 55 86 6 69 17 31 5 2215
72 13 80 14 68 61 21 99 2980
78 89 2 61 22 23 69 7 2384
84 96 66 56 27 28 58 64 1630
6 93 59 98 27 87 82 46 1498
100 56 46 38 52 70 1 54 2005
14 75 81 64 92 57 60 60 2698
3 18 3 4 12 31 11 87 2057
2 97 65 23 27 51 16 48 2234
12 8 72 87 77 8 29 79 2922
87 2 57 59 20 53 30 37 1141
76 47 35 41 2 77 89 32 1108
47 85 61 38 80 72 32 42 1170
10 56 89 94 41 61 94 71 2789
1 78 94 37 89 82 79 26 2563
73 72 27 83 55 51 99 100 1448
60 54 90 69 76 3 67 69 1439
59 23 86 82 29 42 56 36 2867
29 83 17 51 33 41 82 23 1655
61 15 27 67 13 89 58 70 1126
63 64 88 32 90 12 36 15 1992
28 68 42 71 38 78 18 60 1987
73 28 41 16 99 10 55 37 1747
4 72 10 60 30 15 53 66 2379
75 51 17 37 78 59 24 46 2481
79 88 62 78 51 55 57 39 1323
3 66 72 40 19 89 91 55 1957
34 73 41 58 12 36 49 56 1164
16 82 59 58 76 52 26 70 1232
13 15 6 10 27 39 88 47 1348
85 85 3 96 37 98 54 42 2451
47 20 11 18 14 18 82 89 2463
2 31 54 98 8 23 11 73 2417
91 85 57 71 48 56 36 70 2535
89 9 24 46 17 44 15 73 2395
7 51 65 59 72 7 31 88 1999
49 72 71 86 6 87 87 89 1348
76 38 92 30 73 80 100 8 1764
45 97 43 21 67 20 87 4 2517
42 72 74 93 69 40 13 58 1516
42 18 30 12 26 81 69 62 2314
27 13 10 77 14 40 17 99 1169
87 15 64 74 83 38 89 67 2415
12 91 67 28 43 72 87 46 1138
59 49 10 30 32 93 49 46 1872
74 91 100 71 95 15 35 33 2686
78 93 73 55 37 34 14 7 2719
