5 50
43 11 54 48 94 52
26 23 6 73 18 1267
38 84 19 80 74 238
32 20 6 21 62 1478
41 96 85 58 21 338
77 49 57 44 48 74
77 21 8 50 71 139
8 6 62 32 36 1480
50 46 94 63 78 251
3 83 56 12 24 1324
78 20 29 86 40 273
11 9 48 86 56 672
81 21 70 22 32 74
27 99 59 49 11 273
36 61 27 92 95 442
23 66 89 90 27 413
77 73 18 2 13 888
77 28 31 69 65 216
21 91 75 54 32 1102
96 74 19 57 77 1059
91 30 29 97 37 1226
21 13 12 68 70 1310
18 31 82 27 26 29
86 88 73 95 98 1445
90 60 8 64 90 773
78 97 8 34 88 1163
27 6 57 70 81 783
22 19 72 84 78 168
27 11 41 40 60 155
65 48 17 43 71 1133
7 14 96 49 32 1367
5 47 53 44 10 312
53 37 24 61 63 990
43 82 27 18 66 393
44 73 12 34 14 1287
52 26 79 33 11 1388
54 30 43 29 54 1327
89 14 19 26 64 194
69 69 47 47 28 535
60 80 21 3 23 455
90 98 93 20 46 847
90 73 46 62 42 631
94 88 88 6 31 529
17 73 83 100 81 597
30 61 84 47 35 626
77 19 89 73 9 283
95 11 94 76 31 840
44 78 92 70 85 1323
28 1 10 68 6 458
48 14 36 33 11 1109
