8 50
40 95 49 98 92 98 38 73 1313
52 82 82 41 34 70 13 58 1105
93 10 75 25 98 49 55 80 1418
53 15 24 65 34 89 95 7 1029
88 33 98 35 4 26 69 2 1253
89 48 83 78 22 72 68 46 1443
84 38 32 41 94 14 62 90 1279
94 28 70 1 23 40 44 70 1257
92 22 6 63 58 26 15 67 1009
16 74 61 84 1 47 16 96 1439
27 58 69 16 15 3 74 25 1171
42 51 30 60 18 81 90 42 1274
80 2 9 7 84 70 46 12 1040
93 10 40 48 96 20 47 33 1154
39 44 56 99 38 12 57 48 1358
28 46 46 75 41 9 67 22 1449
24 81 43 43 5 50 20 91 1437
93 31 80 82 53 32 35 25 1207
82 1 98 65 30 90 60 63 1383
96 39 27 73 8 2 93 44 1064
77 63 15 74 70 35 14 25 1015
63 81 76 25 90 1 41 7 1040
62 70 39 11 91 31 23 51 1152
2 56 89 36 93 58 5 52 1330
66 88 71 92 61 79 27 49 986
32 100 94 38 11 65 17 64 1230
31 54 91 24 49 48 1 64 1195
46 91 48 72 2 87 95 95 1413
100 92 57 15 85 19 9 1 1440
7 65 68 72 18 10 95 79 1333
51 56 1 85 25 33 40 29 1065
73 31 91 10 35 83 42 33 1335
62 11 58 16 10 72 30 29 1099
36 14 71 72 9 70 62 49 1350
64 46 23 29 34 31 2 79 1366
39 67 75 74 18 88 44 97 1455
16 81 57 30 1 72 15 22 1381
15 52 78 37 43 95 96 41 1037
89 23 11 18 88 32 72 89 1396
10 21 60 39 41 28 83 24 1238
70 35 48 74 49 69 40 40 1222
85 19 35 24 37 51 87 100 1113
23 23 22 1 28 10 86 8 1247
36 12 42 78 87 74 32 29 1297
45 39 89 99 6 61 33 18 1000
65 52 20 81 42 21 52 42 1102
73 41 52 52 53 87 99 59 1300
4 28 89 82 37 18 47 65 1110
4 27 10 39 89 62 14 1 1249
15 17 54 47 98 33 23 90 1385
