8 50
51 73 22 36 23 9 28 69 2632
44 65 2 62 64 48 32 45 2320
17 7 77 46 92 41 38 20 1408
45 18 95 42 38 83 31 95 2635
81 57 53 13 35 18 4 82 2663
90 56 24 55 69 19 97 76 1898
70 78 19 21 77 53 71 40 1179
63 73 38 58 18 3 78 62 2534
43 10 17 59 51 11 88 2 2079
14 2 76 100 53 46 17 46 1337
27 13 63 41 7 9 85 30 1863
36 39 82 59 40 62 62 35 1353
69 62 69 72 53 13 55 98 2995
81 73 79 98 40 20 13 20 1414
45 40 50 9 42 59 34 21 2776
34 22 85 68 98 16 65 29 2213
71 1 39 56 47 56 39 24 2144
33 22 25 28 50 32 93 96 1625
58 39 63 98 42 49 27 2 1375
43 91 75 85 42 97 91 21 2103
45 5 60 25 43 8 96 74 2208
68 25 13 15 3 15 24 97 1428
87 13 24 66 63 64 3 90 2319
33 29 91 59 94 68 69 13 1227
100 64 78 45 48 4 39 60 2096
60 77 19 58 19 69 31 43 2127
100 80 97 48 61 96 51 70 2667
54 42 10 77 73 98 86 43 1824
62 28 77 51 65 53 76 60 2277
71 92 25 5 51 30 29 15 1695
50 82 87 20 61 33 26 46 1091
41 52 52 11 30 60 51 3 2011
73 27 12 32 4 63 66 48 2474
40 36 84 48 81 37 23 20 1325
31 12 38 75 49 38 30 56 2401
41 73 40 41 47 60 100 47 1453
91 50 20 47 32 82 62 23 1948
91 66 63 56 26 68 76 94 1748
97 82 37 80 78 77 31 98 2191
88 66 10 92 75 10 56 29 1321
54 68 69 72 53 58 75 82 1706
63 54 95 44 35 69 41 38 2027
75 59 9 47 69 48 50 63 2188
61 82 35 67 62 92 68 93 1345
85 11 42 92 3 11 38 80 2919
46 28 95 4 86 21 62 43 2228
44 29 89 37 4 56 99 8 3023
56 60 31 15 20 88 43 45 1088
87 21 23 69 14 96 11 69 1651
43 67 77 73 97 44 74 29 1091
