8 50
50 50 5 75 85 63 22 92 65
97 67 77 28 46 64 72 43 877
13 46 94 49 53 62 30 41 755
81 86 61 55 33 62 85 43 550
75 61 83 52 5 31 3 8 1096
24 33 26 28 63 29 61 84 651
55 64 64 17 1 81 85 86 463
30 48 91 44 67 95 33 68 280
74 84 63 82 63 27 98 4 859
98 29 39 88 95 21 82 77 200
64 34 80 83 43 5 55 54 622
95 20 44 89 89 87 54 71 401
26 38 77 54 16 8 69 58 1045
76 10 40 88 93 63 1 87 427
30 70 50 15 8 45 69 93 996
92 1 70 98 36 97 28 35 140
68 72 77 43 27 73 75 19 386
5 93 69 63 43 51 45 86 807
65 86 99 64 96 89 17 82 396
32 23 36 98 79 94 36 79 561
27 24 28 47 68 66 40 71 433
90 57 18 3 70 30 78 78 696
46 54 65 4 14 5 57 78 432
80 14 55 38 35 60 52 65 583
56 68 76 80 53 75 20 2 1073
58 6 91 14 77 18 92 7 585
37 9 38 25 78 38 43 2 28
59 59 57 86 56 25 90 19 876
30 68 18 12 64 5 39 35 759
31 76 44 25 5 54 15 52 1144
89 79 56 40 46 43 1 79 480
86 73 23 98 5 93 56 69 925
82 82 35 29 97 31 17 99 211
14 32 14 47 69 43 71 63 841
15 20 4 81 11 24 49 40 185
96 1 45 46 18 46 28 53 1064
36 100 54 7 17 46 10 91 263
45 61 19 86 94 11 52 22 759
50 21 87 32 16 58 9 48 669
54 13 36 89 73 14 76 6 1020
71 38 82 76 100 17 34 76 429
80 83 28 92 43 57 82 54 505
55 92 56 97 66 4 32 6 96
80 43 86 44 19 68 10 67 37
59 6 49 46 61 24 78 93 606
66 47 26 6 53 61 81 82 970
45 44 74 35 52 98 1 19 680
81 19 73 43 83 29 33 81 556
29 10 94 23 21 59 56 49 1085
76 60 43 56 4 12 6 4 403
