5 50
99 44 56 9 11 1929
81 35 86 10 71 1820
1 30 14 88 93 1809
43 19 18 51 35 2004
17 25 20 11 20 2067
75 26 36 83 11 1678
26 62 95 48 15 2153
35 38 63 54 46 2082
79 97 16 99 55 1899
22 71 58 40 55 2083
73 81 37 42 37 1714
23 47 11 52 51 1968
19 73 87 94 68 1698
95 58 32 5 72 1721
24 15 22 89 40 2143
97 11 13 31 23 2104
50 66 2 99 51 1756
30 87 4 88 56 1745
99 22 30 40 63 1922
71 57 20 3 4 1781
98 49 10 97 95 1690
34 96 76 11 7 1821
36 7 44 84 22 1678
84 53 91 24 73 2040
72 51 7 16 40 2070
66 96 64 50 25 2043
7 44 29 91 60 1793
95 67 56 45 18 1949
74 59 40 46 63 1774
45 24 61 73 7 2113
25 58 37 98 23 1698
91 37 14 79 47 1725
43 45 26 4 68 2116
32 14 62 17 6 1721
83 56 52 8 77 2120
55 93 82 2 9 1829
95 76 22 96 37 1829
34 61 27 2 68 1743
28 4 13 76 88 1756
59 85 34 60 86 1734
1 6 10 53 26 2057
48 4 19 100 25 2089
18 97 65 44 94 1919
31 68 64 71 97 1838
11 88 7 93 11 1755
18 25 6 8 32 2102
5 94 23 75 93 1998
91 98 14 100 34 1848
60 8 37 53 97 1850
45 15 42 36 86 1738
