8 50
27 24 25 51 91 38 87 59 1827
33 20 72 91 49 95 49 13 1919
29 61 6 85 36 10 76 87 2200
8 23 46 90 21 4 92 6 1864
60 1 39 52 1 59 38 63 2107
72 16 96 72 90 17 39 33 2166
6 2 68 83 21 67 28 27 2174
24 9 35 66 67 46 39 91 1963
95 81 48 17 56 18 49 92 2155
7 82 1 29 19 89 35 41 2094
64 67 70 9 9 21 5 96 1739
35 100 47 25 26 35 18 52 1829
91 46 29 42 98 85 2 71 2195
56 85 80 36 5 81 30 53 1878
12 1 48 12 11 96 71 31 1803
21 38 84 78 49 8 87 69 2210
100 62 46 64 10 97 7 12 1866
69 7 49 77 19 92 84 44 2047
81 23 94 48 51 8 58 23 1790
30 78 71 14 36 91 12 45 1951
39 43 14 91 56 91 53 22 2066
21 79 40 9 49 18 28 79 2053
35 72 48 48 66 77 70 93 1781
3 60 15 60 27 86 55 72 2103
15 52 39 74 77 1 24 29 1921
49 77 41 64 59 91 32 81 2128
63 70 73 80 34 55 10 80 1851
39 36 50 85 79 55 20 71 1790
68 100 39 2 60 61 80 23 1733
20 33 91 45 94 39 30 31 1907
84 52 54 89 50 90 55 81 1857
35 10 58 97 55 60 13 50 2101
63 49 59 43 1 70 13 9 1758
26 23 51 1 9 58 31 65 2145
78 6 23 95 47 98 17 56 1991
50 66 8 11 67 28 76 40 1730
27 42 95 32 77 91 86 58 1843
55 39 66 15 1 9 11 78 2029
54 96 72 57 75 27 12 80 2154
68 4 56 84 35 18 87 66 2185
48 3 26 49 75 58 100 28 2054
92 58 1 16 48 50 49 22 1900
78 42 40 72 93 25 92 94 2038
37 44 46 15 60 92 60 7 2201
78 76 58 83 59 66 59 35 2073
48 70 79 4 72 6 31 38 2018
85 8 57 83 5 69 8 89 1786
34 15 6 73 53 5 48 68 1753
94 49 41 94 5 43 67 84 2152
95 80 3 54 9 2 39 62 1828
