5 50
93 64 28 30 78 2263
72 35 39 16 5 1876
63 89 3 81 56 2314
33 61 92 29 25 2229
81 21 3 7 15 1991
78 4 62 8 18 2401
81 99 67 14 85 1987
93 76 20 39 92 1470
99 12 65 83 52 2017
27 98 37 26 18 1886
13 76 6 55 87 1786
35 62 70 35 21 1758
69 67 64 90 88 1799
62 79 79 58 58 1580
74 80 56 94 95 2640
98 96 18 61 65 2291
98 94 55 18 51 2408
64 26 54 62 90 2693
14 37 65 1 92 2150
35 85 60 15 35 2184
36 48 47 73 46 2321
97 13 41 73 85 1925
44 56 66 48 35 1764
38 85 76 32 25 2171
24 74 29 1 74 2096
36 81 45 73 40 1800
17 53 63 49 39 1838
88 57 76 3 88 1444
41 26 12 32 80 1750
20 53 65 82 15 1451
17 99 14 70 88 2625
82 26 84 83 93 1496
69 54 57 30 5 2331
53 98 76 5 75 2606
32 96 63 4 37 2299
41 19 3 93 31 1666
69 10 64 22 2 2264
46 18 52 57 26 2402
17 70 79 35 34 1497
6 77 52 40 75 2440
39 82 21 57 16 1460
15 91 92 88 35 1898
62 11 75 47 27 1499
55 76 14 4 58 2179
82 72 44 29 41 2705
93 30 57 32 69 1612
89 77 62 6 47 2620
74 55 51 82 81 1925
89 5 86 21 46 2133
52 60 93 59 6 2342
