8 50
50 1 78 82 36 38 6 93 585
52 55 40 35 45 10 91 62 731
12 62 72 83 36 99 50 74 742
8 86 41 45 29 7 49 80 286
38 98 94 8 5 8 57 58 267
33 6 1 5 65 59 27 50 383
34 2 7 25 75 66 88 45 344
71 17 30 48 88 19 85 99 719
35 67 41 46 49 18 64 16 744
4 59 84 42 37 63 66 90 461
44 35 85 2 32 70 3 77 449
33 26 60 61 52 93 81 65 272
18 37 84 61 98 97 36 36 294
87 79 24 73 33 62 79 94 498
100 15 99 100 12 91 86 19 424
79 54 40 49 79 71 75 52 500
22 22 7 25 98 38 17 77 259
66 12 38 3 38 28 8 65 459
54 47 93 43 98 69 3 74 458
52 19 35 83 79 55 44 57 402
79 51 82 49 37 99 87 56 475
47 56 66 40 47 1 63 95 498
17 51 99 99 51 48 84 38 735
28 27 55 80 35 19 31 3 716
17 68 1 53 81 74 98 45 576
36 85 64 35 69 49 57 69 382
29 99 100 70 42 68 98 29 456
8 96 36 23 44 97 54 68 284
57 2 71 99 8 86 69 43 352
1 61 12 12 87 76 74 27 748
94 40 66 39 23 37 17 57 639
23 60 68 45 13 59 31 20 636
50 27 57 84 10 90 90 71 642
100 27 73 5 65 19 2 68 691
9 8 55 28 54 59 49 22 298
65 2 57 77 62 40 83 56 718
4 36 43 19 85 76 55 72 266
23 6 33 15 43 40 28 13 663
33 53 76 98 12 7 73 81 615
19 89 64 96 20 40 2 24 660
28 2 1 50 15 63 61 19 614
21 8 94 93 10 44 82 41 413
50 73 93 16 80 15 3 81 351
100 3 37 54 98 91 16 67 606
21 16 83 1 55 71 71 35 441
7 52 80 88 29 60 90 25 414
45 50 21 26 86 88 57 96 654
16 7 76 74 80 89 89 50 526
79 81 68 69 42 20 91 41 383
84 46 37 99 76 18 53 57 537
