8 50
76 16 98 95 24 41 63 5 669
28 75 71 30 50 26 39 23 724
40 84 89 86 22 61 9 68 285
53 19 17 77 11 79 45 51 527
50 43 92 12 65 18 14 19 710
57 77 38 82 4 20 92 35 317
12 40 26 25 14 34 60 50 283
64 4 76 36 64 46 27 97 467
2 99 10 90 30 37 72 88 694
37 67 80 6 92 70 93 41 455
66 74 84 28 29 77 14 67 628
41 36 42 31 76 65 85 12 342
85 85 45 1 57 67 55 11 603
99 88 88 49 25 72 54 95 750
63 37 74 50 8 66 97 18 443
97 91 43 69 100 88 59 71 321
29 63 64 42 53 58 68 97 345
76 15 59 52 7 34 6 57 548
70 40 49 61 13 94 58 84 616
62 45 43 22 26 47 73 91 486
13 30 69 69 79 43 39 57 477
22 26 90 46 6 80 3 100 582
3 97 61 97 42 67 68 80 401
39 75 73 47 33 58 38 95 494
22 51 62 89 61 38 79 48 354
96 28 14 52 51 50 15 68 550
22 55 34 79 19 10 49 99 550
80 87 70 64 98 53 87 48 628
90 16 89 39 54 40 54 97 649
39 29 38 81 97 100 99 44 751
100 54 92 23 91 28 7 73 709
14 55 42 8 23 44 4 22 776
92 54 56 79 70 63 82 41 429
34 33 69 2 29 34 35 53 463
52 74 98 96 74 39 75 41 637
12 49 61 48 43 95 61 28 640
52 26 12 88 22 1 36 55 645
9 80 50 43 94 40 19 62 448
39 23 53 63 72 85 65 84 478
94 75 43 71 15 51 46 18 610
3 23 8 10 13 100 40 24 443
40 38 62 19 64 55 2 76 465
100 73 89 75 90 80 13 21 409
89 35 68 54 61 38 38 54 390
88 32 98 74 75 54 5 72 621
44 11 89 39 43 93 22 11 607
19 1 14 41 90 62 38 81 603
4 67 87 37 32 65 66 1 417
99 79 4 68 5 69 29 30 673
52 36 51 66 28 92 33 86 737
