8 50
8 22 29 74 34 38 54 80 537
69 85 80 28 31 68 77 77 74
89 84 38 34 23 36 61 52 1465
38 52 58 27 46 24 56 60 564
61 13 34 11 35 4 91 3 243
16 95 5 30 87 1 61 51 1305
93 80 9 52 77 89 67 13 1186
40 16 50 90 20 29 58 29 1195
9 94 5 80 80 21 95 20 1096
39 40 54 26 16 52 19 36 805
98 31 82 7 89 61 41 11 1427
82 40 26 48 30 70 30 96 1096
26 4 6 10 39 65 40 65 389
54 5 67 60 79 63 42 48 402
17 87 26 50 33 23 50 99 1289
37 32 47 48 54 81 11 75 151
65 8 15 8 54 76 55 72 1118
22 94 89 52 2 82 47 64 582
79 53 85 9 13 21 54 19 1434
23 60 44 19 68 24 62 6 493
63 54 5 58 59 34 31 69 1004
21 30 40 70 43 27 41 55 1078
62 89 42 92 31 37 38 81 1075
77 3 58 100 78 68 34 91 566
7 10 3 89 28 54 78 43 1256
12 27 47 27 93 17 22 53 318
60 38 89 84 92 52 10 89 261
52 3 68 7 57 53 4 60 1081
96 95 34 76 92 22 100 42 585
4 79 43 11 71 75 75 19 825
48 98 23 48 96 54 33 70 1398
78 14 63 36 45 87 72 73 1141
48 87 33 71 22 24 90 46 1001
55 3 3 56 71 30 82 75 1309
50 87 84 93 79 98 64 84 951
40 13 3 60 47 13 29 48 541
30 44 78 38 84 53 100 60 1415
7 71 76 76 44 42 11 8 21
41 42 83 37 6 45 15 83 772
71 63 91 66 97 81 55 99 1461
22 47 49 86 77 5 37 18 290
46 3 85 26 10 47 89 91 1294
43 55 77 46 75 60 57 83 1031
50 50 4 82 100 41 23 37 847
87 64 40 2 65 7 34 83 361
82 78 91 79 53 44 65 2 1018
27 34 26 96 84 5 82 61 845
40 72 25 49 25 14 97 31 372
39 14 80 51 12 97 78 44 172
66 90 34 78 93 43 83 40 1024
