5 50
33 24 80 82 65 1271
2 17 88 51 74 1133
12 19 20 39 43 1221
64 89 72 82 87 1078
97 23 93 72 45 1464
63 71 3 53 100 1052
95 10 37 17 40 1448
33 88 96 52 1 1343
52 8 42 74 86 1375
95 64 28 11 73 1072
58 79 8 68 33 1366
5 57 82 10 98 1383
56 68 82 38 72 1039
60 50 8 96 13 1287
51 87 82 73 60 1186
97 71 52 7 49 1053
77 20 40 89 59 1138
32 63 25 67 64 1267
61 91 5 21 50 1101
11 35 25 18 9 1480
68 38 60 64 10 1417
71 2 49 91 95 1266
74 52 10 93 76 1433
58 54 63 65 49 1049
54 31 83 28 85 1325
27 19 66 81 100 1203
35 12 32 81 28 1443
76 59 77 51 61 1421
32 10 2 49 67 1174
56 5 70 41 41 1414
21 80 23 54 22 1486
29 59 22 76 90 1348
62 89 83 38 93 1132
24 7 60 85 23 1088
80 10 100 79 30 1266
43 95 21 49 76 1134
13 46 21 83 45 1315
84 44 56 35 38 1077
82 36 58 12 28 1464
10 30 46 84 8 1240
36 16 17 75 43 1192
52 72 27 38 80 1224
86 9 41 22 87 1466
45 48 59 66 42 1192
1 75 65 40 10 1051
37 23 29 71 22 1225
89 99 57 54 38 1098
13 83 11 6 84 1271
68 77 77 68 74 1188
14 79 11 57 62 1148
