8 50
87 68 99 60 16 5 12 79 1268
12 70 42 63 45 35 10 58 1904
27 54 79 54 74 70 34 38 1296
85 55 16 17 58 50 91 48 1684
8 73 70 9 63 14 84 53 849
95 100 22 71 95 74 60 81 1248
63 67 89 31 68 10 94 70 738
91 62 25 35 64 32 66 15 1450
40 100 86 9 26 70 62 18 743
34 35 30 20 99 58 75 50 1223
98 10 65 59 90 20 37 94 1678
94 82 82 25 9 8 82 4 1730
96 14 20 3 65 45 91 34 1805
43 93 94 42 50 99 22 61 1428
36 56 23 18 92 6 43 65 1659
54 57 11 7 55 68 55 19 802
79 57 96 76 88 11 19 51 1433
97 11 33 43 22 37 2 97 1860
82 55 31 95 70 38 91 64 1854
28 84 87 75 84 70 4 91 1199
89 23 25 84 16 36 62 42 1923
96 41 17 38 66 12 87 3 1326
31 77 76 19 65 50 2 58 1941
31 4 11 94 83 5 54 40 1754
87 23 41 94 44 57 40 74 1564
41 84 36 45 75 97 52 79 1649
43 37 100 26 29 13 97 77 963
7 7 63 75 57 93 98 16 1200
60 44 90 43 12 4 77 100 768
87 54 67 29 59 62 43 48 922
3 67 97 23 92 23 33 2 1709
97 71 15 64 81 54 65 84 1308
28 64 13 10 41 46 32 3 744
54 85 6 57 33 76 6 90 1435
57 50 80 26 64 16 73 75 1172
100 82 23 85 15 75 90 39 1664
68 38 34 84 30 16 66 17 1490
27 56 36 5 29 44 94 14 680
52 16 49 96 32 88 48 96 1508
44 46 62 67 28 42 40 31 1077
86 2 61 92 19 8 15 2 1236
45 62 95 59 20 100 59 12 1795
89 12 59 61 93 35 57 20 861
22 86 30 82 30 39 54 68 671
53 12 25 67 97 20 79 11 1135
80 53 69 73 61 10 61 7 1339
2 98 84 60 90 89 37 28 1280
85 2 41 73 84 48 9 15 900
94 4 76 21 95 82 98 20 1217
33 52 35 47 80 41 92 40 1440
