8 50
71 63 30 80 43 76 56 28 1114
46 35 94 68 94 14 26 45 1610
22 96 93 73 11 77 26 26 1789
28 68 96 13 66 40 50 25 1045
47 60 49 16 55 98 94 76 1281
56 11 29 18 6 81 81 75 1428
6 69 17 68 13 61 2 56 828
67 32 6 84 88 57 73 34 1014
53 86 65 40 39 3 91 11 884
62 30 7 23 36 39 57 2 961
96 6 10 5 77 80 93 2 994
26 96 7 62 20 27 79 44 1573
33 30 6 7 39 22 69 85 1078
32 75 1 60 48 30 20 49 972
9 13 80 79 45 41 97 53 1308
97 6 38 52 1 12 97 99 1097
12 78 63 55 53 6 6 89 793
82 32 17 97 60 76 23 17 1375
40 93 43 43 84 100 35 72 671
17 15 9 85 35 98 71 18 771
25 51 70 48 51 53 99 91 952
69 16 31 57 26 19 37 46 1471
65 82 47 40 23 64 83 28 1149
1 72 66 14 55 80 36 26 1653
84 2 61 75 56 42 67 32 1869
64 75 61 25 26 78 92 79 1093
33 84 44 71 85 55 65 100 1826
5 23 58 15 20 37 78 58 995
14 81 5 84 89 5 45 92 1166
16 89 89 4 62 60 66 4 1038
10 31 57 28 54 76 96 6 1554
70 14 5 91 82 67 35 55 775
50 74 77 10 33 50 56 94 1250
16 38 37 27 40 83 56 18 1893
70 91 11 90 10 47 42 38 1779
43 92 94 66 94 45 100 96 1470
8 27 23 46 32 41 78 99 1450
4 66 95 78 55 50 50 21 1023
1 28 2 65 62 5 57 61 1610
84 32 87 58 62 99 85 6 940
13 58 53 11 22 86 73 10 966
60 50 87 3 100 45 20 56 1779
66 42 62 14 77 64 46 83 1740
98 48 74 36 97 37 21 81 725
68 14 53 46 72 78 89 40 1116
13 100 47 5 26 100 90 72 1139
9 94 58 61 88 57 69 83 1185
35 79 24 3 28 83 62 88 1779
89 39 41 83 77 23 64 37 1341
2 25 5 42 13 99 71 93 1508
