8 50
71 3 64 87 92 64 10 5 839
67 30 59 65 64 10 98 24 2089
72 53 15 97 94 93 33 12 1912
30 96 49 8 96 14 61 2 1007
94 81 52 34 25 3 64 59 1401
85 3 76 19 7 47 52 84 1026
71 25 17 41 86 76 29 91 1273
93 42 22 11 71 15 53 28 942
99 63 3 29 46 59 59 81 1648
100 74 95 61 80 19 72 94 450
89 7 66 24 21 24 85 58 1426
89 25 4 27 67 84 75 52 936
4 61 76 46 54 93 38 67 879
19 84 78 88 14 50 82 66 791
45 28 90 22 92 77 68 69 991
77 95 75 35 97 8 96 66 720
62 96 1 99 38 29 57 65 1485
54 87 59 69 2 57 58 68 1650
100 70 82 82 87 8 28 32 1043
58 75 16 89 65 35 62 78 1035
7 67 1 66 13 81 60 10 1962
58 82 65 70 59 15 92 16 1314
21 84 32 54 45 12 64 42 871
3 5 73 43 66 38 42 83 838
75 86 68 100 16 95 3 92 1889
27 10 60 100 27 1 57 17 761
17 6 65 24 35 82 93 80 1966
29 66 55 87 17 56 49 31 1465
13 9 26 88 42 78 90 49 2062
92 29 36 34 99 45 7 65 1642
36 49 38 81 80 73 41 82 1479
56 53 75 83 93 53 45 24 1107
38 37 63 88 76 98 45 10 2141
98 70 53 18 65 45 47 2 2139
1 100 73 17 93 65 21 100 2298
47 2 39 28 95 90 11 15 1762
78 81 35 62 98 16 5 90 1047
92 78 71 34 69 93 98 29 741
9 63 56 96 81 34 97 78 1543
3 34 93 89 47 54 40 16 1277
100 34 62 39 3 59 52 23 1285
99 75 46 35 14 71 95 61 968
31 83 42 81 5 89 46 39 1936
3 40 40 36 28 61 11 18 1821
76 95 96 19 20 44 91 95 2120
15 96 2 41 93 61 21 72 292
44 83 82 10 53 25 90 100 1381
96 28 55 11 43 88 79 71 1469
92 12 57 6 60 17 39 47 2102
43 50 96 79 22 39 78 52 330
