5 50
26 38 61 71 2 439
6 73 24 12 8 717
21 56 21 18 45 667
22 50 18 76 57 634
63 37 63 94 81 312
15 51 20 16 77 418
72 76 88 66 78 533
5 39 86 31 69 511
8 39 55 28 23 384
70 45 65 73 10 461
43 95 65 59 63 652
85 83 7 14 85 718
87 47 6 30 13 713
44 48 48 40 60 534
28 36 69 86 27 428
16 82 86 28 24 321
26 75 66 58 98 474
31 42 11 37 93 325
33 82 12 14 8 560
84 97 70 30 13 693
64 72 58 42 18 330
11 46 23 42 50 679
67 83 78 98 26 409
2 87 74 2 87 275
83 99 15 42 54 485
53 74 43 82 42 289
22 99 68 46 66 646
70 88 75 88 10 496
80 98 82 72 11 433
89 3 40 51 86 257
68 2 46 20 39 372
22 65 56 51 87 272
22 59 58 67 99 563
26 52 49 54 2 471
32 97 62 78 48 274
21 52 97 16 76 308
39 84 47 55 89 485
47 86 1 97 31 273
41 35 48 49 7 604
96 37 36 35 79 494
72 21 64 91 91 320
22 94 2 2 3 569
87 37 89 68 37 472
15 60 6 8 20 659
95 2 66 47 5 600
40 41 95 54 17 648
21 35 10 86 34 483
93 88 14 37 32 327
47 81 6 8 7 370
51 52 97 79 52 420
