8 50
74 68 4 41 75 95 28 31 1282
52 82 3 1 62 88 67 26 1353
96 4 95 31 96 16 54 1 1846
86 16 25 1 84 72 48 68 1585
61 88 52 64 3 34 24 53 982
10 77 20 47 31 36 49 6 678
17 37 89 83 11 35 22 35 948
19 78 11 18 57 5 46 41 685
34 96 100 63 87 32 25 45 781
24 31 47 8 22 65 94 11 1288
37 51 49 53 74 37 71 71 1173
60 35 71 14 31 43 52 4 1228
30 46 9 20 17 48 16 79 1233
3 77 42 73 26 57 15 37 1190
95 18 18 100 35 53 66 18 1452
74 55 66 9 47 56 38 71 1543
24 25 75 3 76 85 70 37 1193
65 81 95 85 95 42 40 19 671
43 75 43 36 80 31 51 60 1382
35 70 56 77 68 70 92 30 1218
76 53 66 71 9 37 72 4 1457
8 9 39 85 46 70 84 33 825
9 56 41 34 48 35 94 20 1672
34 11 72 83 94 88 89 14 1568
86 82 81 77 58 39 37 75 1819
44 91 38 97 54 35 21 97 1395
38 31 36 26 12 77 83 62 1116
64 77 47 50 46 65 95 91 1319
71 96 62 93 22 47 28 84 1517
91 57 28 40 23 52 1 1 786
45 66 16 27 71 53 89 60 658
3 29 54 24 43 71 24 40 1437
54 11 83 86 66 29 92 7 949
15 69 81 90 86 45 5 9 1829
30 27 8 50 49 39 73 24 1713
74 60 99 77 97 57 77 77 1422
4 11 57 76 12 5 34 93 997
60 89 4 13 38 93 25 94 1322
1 45 10 30 70 63 47 74 1639
41 34 91 2 52 91 78 32 1254
4 8 64 44 83 8 78 34 950
12 76 79 30 99 86 76 36 881
47 51 56 24 19 33 79 71 1736
49 75 45 19 9 57 34 34 1738
46 51 91 62 56 20 64 57 1613
41 22 52 92 53 35 96 86 742
64 43 47 16 71 73 21 82 769
21 76 43 35 99 87 74 58 1537
34 50 92 89 41 74 55 3 1509
90 18 39 33 13 61 71 40 678
