8 50
49 68 3 25 55 15 85 90 2621
49 24 46 54 85 51 77 4 1595
51 21 81 74 20 16 13 62 2194
26 83 68 38 78 25 68 83 2249
90 31 23 36 15 15 74 76 1597
94 16 47 25 45 56 78 67 1480
12 33 64 96 12 43 98 73 2187
69 72 42 97 7 65 1 48 2095
46 33 88 99 38 35 56 50 2211
3 29 23 34 21 6 34 48 2285
40 91 16 61 64 58 84 7 1421
11 71 70 61 69 43 33 95 2302
83 65 13 89 75 3 47 91 2326
68 74 58 63 27 98 21 7 1950
9 24 40 81 98 48 3 70 1411
5 13 36 62 24 63 5 96 2010
86 60 26 85 56 30 92 57 2278
1 76 74 62 41 47 79 88 2293
16 35 21 1 74 26 44 45 1897
55 9 73 64 72 88 52 99 1722
95 58 32 97 39 61 94 91 1985
2 63 45 10 49 62 41 83 1645
77 1 49 27 58 60 94 64 2023
20 40 56 64 13 71 70 72 1946
70 74 46 68 25 23 90 85 1685
54 38 82 55 69 11 34 64 1940
96 74 34 4 81 9 1 11 2228
13 97 73 24 18 91 88 96 2365
55 61 64 6 46 5 71 79 1690
31 46 82 73 89 81 82 24 2389
92 77 24 5 46 22 5 50 2235
31 78 25 5 96 49 89 69 1811
17 14 58 15 42 87 29 93 2308
55 70 48 76 71 52 2 33 1748
43 43 13 36 26 6 47 94 1807
92 87 19 68 91 4 58 5 2092
41 38 81 71 52 68 48 68 1660
39 3 28 8 10 29 73 13 1840
11 11 43 3 97 94 90 73 1853
32 37 79 40 51 5 69 98 1855
99 41 92 10 89 44 41 22 1377
78 76 86 9 5 8 35 98 1387
9 61 66 8 71 5 62 64 2555
45 80 38 76 92 60 60 26 1969
15 6 68 36 97 96 47 92 1737
26 98 27 55 57 40 25 78 2363
72 83 8 25 63 20 16 27 2282
6 11 75 2 1 32 67 83 1852
1 25 92 85 96 68 38 63 2386
17 80 66 18 6 34 6 51 1850
