5 50
23 67 33 85 85 131
21 75 27 83 95 876
91 31 58 51 60 176
70 65 85 75 59 634
32 59 14 75 92 1145
81 90 20 97 50 458
83 16 27 95 27 1214
26 22 44 81 68 467
29 97 47 83 17 121
7 31 72 93 64 549
78 57 85 23 77 904
28 32 90 51 30 1283
34 16 95 14 74 119
75 95 22 26 79 1442
90 47 8 13 98 1293
9 17 94 25 25 80
37 42 89 99 90 992
79 53 42 8 2 319
27 14 24 1 10 365
56 100 58 41 87 922
55 19 85 62 76 443
62 9 37 64 15 1431
20 58 31 68 30 171
89 64 4 4 1 1207
93 11 82 8 53 1271
81 26 4 8 52 125
63 16 19 28 34 363
47 29 89 75 43 805
84 19 3 97 16 247
77 44 42 9 82 527
30 21 3 73 73 994
28 87 39 55 52 151
8 27 91 49 42 775
77 10 65 26 93 860
49 23 90 22 74 1138
71 36 98 40 64 756
45 40 46 14 50 1156
38 87 78 51 64 1178
15 27 78 68 76 721
14 46 78 99 15 945
4 3 49 49 82 384
18 78 40 70 83 312
89 34 50 11 12 1453
97 54 39 37 6 187
53 19 76 88 67 575
58 39 51 94 88 1401
36 59 31 31 86 868
14 12 78 2 61 580
4 39 87 88 82 1158
35 32 80 34 7 1252
