8 50
68 89 94 39 63 42 19 19 120
64 8 98 46 86 52 29 16 760
83 27 1 86 68 39 48 12 1043
81 26 33 42 73 46 9 26 1416
62 19 68 71 68 34 1 32 789
77 51 6 85 100 18 36 29 66
82 67 49 11 41 10 43 31 1395
33 8 76 11 84 15 90 34 511
89 27 81 95 11 66 66 95 197
39 53 71 97 86 77 64 18 86
96 65 32 85 50 8 25 3 335
22 69 80 21 96 37 8 82 333
39 17 84 8 30 85 27 95 1454
76 28 20 96 70 48 10 51 381
83 97 42 90 65 13 2 28 695
30 83 92 91 17 48 8 33 1025
10 9 42 49 60 42 88 48 1404
65 70 54 70 7 89 98 54 592
21 94 42 24 87 81 72 7 1161
27 4 1 46 20 60 21 79 1499
88 10 22 38 68 94 40 66 1322
67 32 80 53 53 58 3 17 449
33 73 73 95 84 67 56 95 178
27 9 67 96 39 80 72 41 222
4 81 33 40 56 65 3 90 1122
84 50 47 59 60 52 30 23 1181
58 42 46 90 89 65 69 12 567
64 29 93 92 15 25 9 98 1504
6 70 27 62 55 15 18 51 1456
78 12 78 11 15 38 38 85 1245
22 21 50 5 100 37 45 43 14
48 46 88 62 49 48 3 26 156
26 77 91 24 97 44 49 45 988
16 61 2 46 4 86 12 42 681
28 54 76 16 83 48 80 27 825
13 62 3 83 75 98 51 97 265
76 90 26 58 78 51 19 64 1457
53 95 91 42 78 66 24 62 1182
64 73 29 12 64 70 59 4 743
70 3 95 38 95 70 72 76 1219
84 12 67 9 62 73 77 25 971
95 28 20 26 54 55 9 9 856
98 93 17 24 9 38 22 38 1101
79 7 95 27 40 91 43 90 882
94 40 63 28 9 50 91 76 59
25 97 78 99 78 65 19 40 682
50 83 87 28 77 30 4 58 1220
16 39 8 59 41 88 99 28 899
66 18 33 84 48 62 56 23 859
11 21 20 79 67 44 71 74 1501
