5 50
10 72 64 91 78 1175
6 19 73 55 70 880
18 77 78 36 92 82
60 94 37 14 100 759
13 88 100 18 83 562
79 19 61 51 62 324
84 73 77 88 59 343
32 92 20 11 51 335
93 84 53 84 7 223
95 84 55 20 28 391
96 71 16 85 50 577
99 89 69 90 44 169
10 61 94 92 65 728
5 79 59 54 46 38
13 93 5 19 79 520
25 99 17 63 84 607
51 75 99 25 80 559
74 33 83 9 40 1004
65 63 21 39 8 721
40 96 5 99 77 630
22 45 68 86 18 818
60 100 73 54 25 1028
86 6 37 22 51 371
68 41 1 6 23 937
11 21 54 47 83 899
20 10 94 80 56 344
100 28 15 13 49 276
46 38 11 95 82 883
73 81 96 9 76 86
29 51 86 40 12 257
53 33 6 92 5 361
39 60 68 75 85 410
39 84 5 39 53 200
50 47 54 88 96 735
53 15 86 79 34 702
6 83 15 12 75 149
75 60 9 24 96 462
21 11 59 52 11 286
68 9 11 32 11 1094
43 88 24 79 80 283
40 59 33 48 91 364
20 24 8 53 50 121
49 9 84 97 71 294
65 92 28 68 39 15
55 84 12 91 83 197
27 22 22 72 74 570
21 63 46 95 4 879
70 18 4 85 51 792
64 20 87 74 97 835
15 94 90 54 84 1156
