8 50
44 50 13 36 34 21 4 70 1210
42 13 89 77 35 98 41 60 1396
8 43 63 89 70 34 27 18 1410
90 46 63 6 85 33 71 64 1191
22 84 21 94 68 80 20 60 1094
13 38 69 94 42 35 76 56 1461
48 5 52 96 77 4 53 21 1172
35 96 8 14 70 81 68 21 1318
97 84 40 81 83 54 17 78 1146
78 31 62 87 48 69 53 36 1033
28 60 19 94 63 60 27 48 1305
95 41 63 67 27 70 19 91 1022
41 18 30 15 21 78 79 91 1028
58 19 12 81 2 7 41 90 1422
41 21 22 74 78 6 53 97 1314
62 70 87 79 64 28 65 11 1081
33 41 44 27 8 93 4 63 1473
45 87 92 83 40 62 50 5 1433
19 88 44 8 27 56 88 69 1428
95 30 100 52 13 90 57 19 1191
23 69 29 33 61 19 66 62 1413
67 42 69 48 54 93 75 33 1018
26 57 30 19 34 64 27 97 1439
91 90 83 64 54 33 24 48 1162
25 75 61 29 44 43 52 52 1108
56 16 39 82 51 61 81 26 1056
97 42 87 13 75 90 46 75 1455
14 46 46 13 26 72 8 3 1272
28 87 12 95 76 66 95 97 1463
75 67 58 8 96 38 50 36 1134
73 54 83 9 81 3 66 37 1324
68 13 28 42 82 32 95 82 1206
23 24 79 59 35 23 38 93 996
33 5 11 25 69 67 41 79 1296
31 55 46 79 34 10 54 9 1038
24 67 26 47 34 12 16 19 1262
72 31 57 65 11 95 33 100 1131
34 70 14 55 74 1 55 3 1493
13 37 37 40 72 96 18 53 1353
92 10 2 72 42 49 80 45 1390
69 75 35 73 17 1 48 14 1299
90 55 37 65 99 31 42 57 1183
35 78 7 58 16 49 47 96 1358
50 95 43 73 22 91 74 24 1227
16 49 28 91 21 70 60 59 1463
13 80 86 71 20 58 60 87 1098
51 15 37 18 42 100 8 62 1305
11 5 2 94 41 57 62 51 1381
15 1 48 11 39 33 24 96 1030
86 20 92 5 64 21 81 38 1263
