5 50
65 1 23 53 90 955
40 31 5 73 61 948
38 72 58 78 97 1165
14 32 80 87 63 1652
38 34 66 72 40 1134
56 3 51 62 32 1556
84 84 78 41 33 1284
77 22 47 40 58 1197
5 47 32 93 31 1339
15 95 40 43 21 1537
82 20 92 4 50 1837
28 69 47 49 43 1698
50 85 99 74 92 1446
13 53 21 80 18 1859
45 11 95 65 55 862
9 80 90 60 23 1878
14 77 89 61 31 1749
63 14 1 30 19 1221
63 72 29 84 99 1914
22 46 55 92 49 1821
99 86 18 77 35 874
77 55 70 11 68 1268
94 42 73 84 50 1864
42 36 93 54 18 1908
84 12 47 67 7 1138
2 1 9 24 5 1429
29 49 35 57 82 934
76 90 6 16 12 1744
98 24 89 79 96 1500
46 78 14 14 99 1036
89 24 69 34 99 1486
11 89 90 5 54 1812
23 33 14 32 81 686
28 83 67 71 75 1467
89 4 41 85 59 1864
59 100 67 25 86 1768
66 66 88 62 4 1301
25 60 49 34 79 1560
66 54 50 41 97 1759
2 16 76 15 19 1414
2 42 99 66 98 1099
61 35 81 48 16 898
11 21 22 92 44 1912
22 17 26 37 80 693
70 91 93 8 57 1102
64 67 52 53 23 869
63 71 83 62 6 1264
41 27 11 64 81 1020
49 91 23 76 76 1118
30 63 97 81 71 1771
