8 50
17 31 53 92 69 13 64 51 517
70 15 13 13 41 25 46 61 1485
15 21 35 97 54 14 63 74 184
95 35 27 72 64 68 9 76 581
71 18 23 32 91 90 74 94 286
61 80 70 39 45 92 71 98 590
74 96 22 19 35 31 44 37 814
40 1 14 63 56 68 89 46 806
68 59 84 4 12 89 64 35 420
4 61 4 81 10 51 25 50 631
6 37 91 46 62 39 97 97 574
68 27 33 45 76 61 63 15 1184
86 78 28 20 20 72 42 69 1218
35 70 94 84 92 87 21 77 88
69 12 71 9 25 97 25 94 333
44 89 52 68 38 15 23 39 133
87 15 22 4 35 1 39 52 945
43 42 65 2 19 84 58 28 675
61 37 65 25 74 75 25 37 159
77 78 85 26 13 97 80 98 428
14 98 74 57 77 45 16 4 797
26 30 80 38 11 66 97 86 86
4 83 22 81 31 71 16 89 1191
93 12 45 94 72 84 75 40 691
90 74 65 94 62 39 52 74 316
38 43 13 68 61 21 21 23 1236
29 76 89 81 11 58 43 46 1369
33 21 27 21 25 85 67 34 1416
61 13 19 72 10 57 88 1 1433
41 39 37 85 51 80 71 12 1263
20 26 63 6 66 44 6 97 1220
90 26 61 38 71 45 76 84 1517
82 1 31 61 70 41 19 57 149
53 98 74 56 6 73 47 47 565
40 30 8 15 12 41 28 93 728
67 66 19 85 50 15 48 48 1356
57 11 38 75 56 72 98 39 1217
4 54 16 93 11 2 100 91 1531
71 72 31 76 61 97 94 78 23
55 35 14 47 94 14 81 20 464
78 70 84 74 50 66 37 73 602
40 25 98 57 48 36 79 61 340
8 55 49 5 97 27 7 61 784
24 79 70 54 7 29 67 47 1518
13 60 88 92 98 7 35 82 1012
24 85 93 47 3 51 19 43 368
63 69 13 63 96 52 100 9 300
93 63 10 48 53 89 87 46 1517
14 79 6 83 46 51 52 79 1399
32 92 48 11 58 22 81 12 48
