5 50
30 83 76 90 80 803
59 21 87 78 35 964
85 15 34 94 70 1695
70 53 9 73 25 1715
50 44 30 63 89 1895
11 25 24 75 26 964
14 33 47 98 1 2214
36 69 9 94 89 2140
50 72 95 33 39 707
83 28 53 7 24 1915
14 63 37 44 31 707
1 15 30 57 3 668
76 89 61 46 5 1470
49 22 48 18 96 1671
82 1 93 7 47 1816
58 27 74 6 10 1869
1 92 100 35 74 579
100 86 78 24 59 607
23 57 48 35 16 429
72 2 55 71 26 1015
20 76 74 73 25 1244
43 50 48 81 69 1850
19 4 60 23 83 1021
81 32 54 99 75 1520
75 45 5 36 75 913
100 94 60 60 57 379
53 14 63 41 57 1768
80 80 74 92 75 1608
55 6 48 32 58 1922
54 18 54 51 48 2124
65 27 39 58 56 1899
32 42 56 68 85 1301
73 47 12 5 35 673
19 5 23 41 42 2009
96 49 96 94 93 1637
48 21 69 74 49 1850
67 95 69 70 46 1723
16 75 12 63 46 1518
65 15 95 41 35 1116
66 57 73 46 1 805
4 44 30 32 88 1312
77 9 70 51 8 699
55 38 83 42 22 1271
1 63 27 95 24 1329
23 51 74 19 52 1160
34 79 9 79 40 1654
38 6 85 32 3 1549
91 79 2 49 45 1825
42 98 40 9 69 953
47 25 38 82 85 1666
