8 50
97 8 20 77 65 29 98 18 1375
13 36 77 18 89 19 30 1 1329
47 71 99 11 39 62 15 29 2898
97 3 63 38 21 22 25 99 1413
19 78 82 19 67 22 100 50 2364
46 40 62 40 34 92 84 61 1658
5 81 74 10 73 87 35 23 1571
96 4 29 87 19 100 2 31 1895
33 39 46 58 83 2 24 8 2546
41 24 91 90 62 14 18 21 1756
1 53 21 67 32 8 81 6 1736
2 73 93 34 48 100 8 34 2481
99 29 7 66 84 41 7 63 2601
43 89 18 86 73 46 80 30 2755
17 4 54 72 69 28 34 60 2115
90 3 17 37 68 61 13 85 3098
54 74 25 18 2 76 39 77 1958
100 77 37 85 93 7 2 90 2303
41 61 15 86 60 79 56 87 2152
81 93 20 51 32 20 6 76 1794
6 37 92 96 58 2 89 24 1797
35 82 66 47 99 45 60 85 1606
34 28 14 41 36 86 60 8 1112
35 55 58 3 52 35 23 23 2535
3 99 68 46 96 7 14 73 1194
77 36 95 100 34 72 19 93 2622
100 90 25 69 21 40 7 99 1758
19 13 52 58 59 68 84 25 1952
35 78 45 21 19 80 81 7 2419
97 85 42 75 56 93 53 73 1062
50 42 58 41 64 53 40 88 3050
73 4 20 16 77 3 26 72 3082
33 81 44 77 52 100 73 64 1252
8 87 29 10 53 39 56 72 1987
65 88 16 30 37 74 86 54 1549
46 39 47 13 92 86 95 66 2758
67 13 55 38 47 39 92 34 1136
61 45 71 7 2 38 70 23 2587
72 48 70 80 31 38 51 34 2364
62 43 85 56 38 27 61 72 1186
82 68 99 99 75 38 21 31 2108
81 40 52 43 71 15 85 46 1504
36 51 94 71 3 13 94 80 1662
80 86 83 23 11 62 2 34 2832
97 81 97 26 68 92 56 49 2762
36 63 88 93 83 53 39 80 1278
29 5 55 51 60 95 87 68 2396
41 50 55 56 68 89 20 51 2311
72 64 99 85 83 93 12 72 3111
65 18 27 75 55 28 90 55 1575
