8 50
65 39 70 43 84 90 67 51 13
30 70 98 40 3 69 39 43 867
77 64 10 69 56 2 37 75 679
54 29 37 45 89 38 91 29 679
31 80 31 14 6 16 70 61 480
68 43 33 100 20 5 100 90 675
53 60 24 66 39 24 11 27 106
36 30 38 23 41 3 1 62 483
49 86 60 14 20 28 46 20 1199
28 43 33 14 52 69 61 99 107
6 99 82 42 94 73 98 87 695
19 99 76 18 82 52 34 30 1321
21 38 45 97 55 71 22 100 141
17 42 39 53 74 61 8 91 862
33 2 32 10 2 99 7 16 52
56 75 100 44 91 41 46 20 872
78 75 94 36 78 32 60 45 713
63 45 8 11 34 94 67 22 721
29 59 70 6 19 64 16 6 1466
23 54 7 71 86 7 25 26 256
6 66 28 95 66 11 87 66 1025
23 11 42 98 90 23 24 52 879
35 17 76 50 40 72 35 89 110
83 97 75 20 27 61 95 6 327
14 37 81 54 98 52 59 12 668
9 64 63 47 3 84 37 9 171
62 20 10 50 33 37 38 33 337
28 59 66 67 83 92 40 57 578
69 50 42 12 99 12 5 72 1401
20 57 37 41 12 22 57 25 1020
36 73 17 33 12 25 99 5 318
39 56 90 71 26 3 48 15 1034
27 21 12 59 100 90 43 95 89
85 37 18 54 62 28 35 35 635
77 75 55 13 22 8 57 15 252
88 65 5 82 39 74 71 48 749
38 97 73 65 38 99 98 44 450
52 44 73 40 4 6 25 76 1226
62 54 34 56 26 100 84 5 534
2 25 54 66 11 97 26 96 897
8 22 94 59 25 61 58 14 335
96 51 81 12 64 100 42 60 323
59 35 44 15 86 35 83 88 441
2 36 61 12 37 41 27 34 891
65 96 88 20 12 46 76 100 660
81 85 12 2 42 39 34 27 450
91 65 91 97 42 84 92 79 25
31 94 61 60 54 53 91 11 1261
62 19 86 82 60 34 70 71 204
96 42 9 58 80 59 85 60 308
