5 50
52 32 41 93 57 489
11 6 21 24 86 464
6 26 22 14 19 1721
29 4 15 67 88 430
66 76 41 70 67 1808
78 9 46 39 8 1706
83 7 13 52 3 1787
70 39 3 60 4 684
58 29 54 62 70 1020
35 94 22 50 94 702
71 12 28 73 24 1187
80 24 46 67 58 1880
5 13 28 20 39 798
64 54 26 39 50 1693
33 64 88 58 45 2047
55 15 63 22 57 841
70 54 32 27 36 731
83 73 63 80 40 1167
45 43 78 70 57 710
95 78 81 95 90 1177
25 34 65 28 45 1210
79 56 38 16 43 1016
34 98 94 23 27 286
57 34 36 69 6 1991
95 1 14 49 12 1261
15 55 100 14 11 714
14 21 85 92 39 1056
76 20 35 50 38 633
85 3 35 90 88 415
64 91 26 14 74 523
63 42 65 73 67 826
17 6 36 81 84 805
28 6 90 3 83 768
12 11 28 75 37 1977
20 11 78 23 5 467
16 51 10 81 51 1266
20 98 16 13 15 1309
35 92 50 44 8 491
68 38 98 50 59 1092
16 71 6 14 85 1658
37 98 45 5 39 1715
6 63 44 43 65 1305
49 43 9 27 64 1397
77 3 37 96 12 803
26 61 55 34 37 340
62 19 73 13 34 351
52 59 94 6 30 1366
1 88 41 69 82 239
59 1 98 75 19 1739
35 46 34 86 65 1966
