5 50
7 100 11 51 19 2463
62 66 72 45 30 2153
20 96 75 6 82 2333
81 63 83 22 64 1958
77 56 73 78 91 1517
13 38 72 27 23 2358
1 50 32 22 22 1522
72 46 55 29 43 2528
11 35 73 11 86 1971
44 72 73 71 22 1541
3 98 39 77 42 2712
80 86 65 30 37 1801
18 97 77 30 34 2175
36 18 46 42 93 2710
17 95 53 91 85 1644
16 88 9 32 80 2340
61 9 75 57 68 2490
86 80 28 40 2 2054
20 9 62 78 60 1983
42 17 59 1 85 2625
62 49 38 5 98 1771
32 79 40 59 100 2688
80 38 48 85 36 1523
73 87 41 78 78 2383
18 70 3 87 58 1506
35 6 81 46 89 2320
28 8 99 93 64 2310
72 6 76 58 50 1431
19 55 38 8 76 2390
44 68 89 29 29 2594
29 73 39 92 64 2532
75 46 98 34 4 2043
44 12 43 79 27 2680
98 74 89 97 54 1532
87 23 26 73 31 1459
74 18 24 76 18 2682
41 70 97 50 55 1544
7 76 23 47 4 2171
41 58 31 58 10 1941
67 97 1 18 36 2134
84 82 46 43 62 2197
18 87 11 41 84 2079
15 52 47 20 14 2269
68 79 73 92 81 2502
56 50 88 12 24 1449
41 45 80 73 36 1777
78 84 47 56 35 1753
33 42 90 1 16 2470
73 59 63 86 48 1714
27 15 80 81 61 2545
