8 50
95 47 51 8 75 14 71 43 1423
84 16 83 63 88 58 75 33 1296
100 85 33 66 34 90 64 6 1485
33 30 1 53 62 67 18 42 780
69 32 80 87 5 77 28 84 973
44 99 92 79 34 65 98 14 482
16 59 41 83 96 34 28 81 1180
71 12 72 80 26 69 5 19 1819
69 78 75 84 73 53 37 4 1071
68 2 6 95 42 92 75 2 618
58 70 53 94 38 51 3 44 2209
83 68 79 88 40 74 58 47 1083
24 88 81 92 70 6 69 24 1347
25 78 21 8 52 45 7 11 1675
95 78 43 25 43 50 83 75 2254
55 91 72 56 55 87 85 84 1798
37 79 78 71 38 97 42 15 700
90 25 37 14 59 95 80 50 950
99 85 25 2 52 70 75 70 1906
51 16 98 69 80 74 47 82 450
53 77 74 16 45 41 55 71 1725
80 18 51 16 52 71 91 43 2177
17 45 6 26 60 12 39 48 744
8 27 1 47 79 97 14 43 720
56 89 78 61 21 22 56 34 1070
50 13 57 52 74 99 24 5 993
70 49 94 29 56 3 47 82 2082
70 49 60 78 11 80 79 90 925
37 32 28 76 11 80 45 38 1829
1 7 84 96 62 34 76 65 1021
21 6 29 51 19 67 56 29 506
20 21 21 90 52 6 15 98 1265
60 68 1 34 57 56 67 33 1702
69 47 25 93 71 56 93 12 482
71 99 51 99 18 20 68 66 1850
19 59 59 78 12 87 40 28 1527
67 68 66 43 91 77 52 55 1374
65 17 6 23 54 42 5 48 702
32 56 64 82 45 11 72 92 1157
30 91 83 7 80 31 60 28 1868
3 52 30 15 1 7 45 98 508
77 22 85 37 83 63 22 34 1823
19 17 4 49 83 79 36 90 2188
94 22 67 13 79 6 93 2 1076
91 48 60 33 98 99 38 4 1410
98 69 53 89 89 19 6 77 1396
56 71 43 50 9 60 81 63 1173
59 3 52 68 82 77 73 1 2049
57 33 26 15 86 4 76 71 875
96 18 33 1 92 39 63 79 1047
