5 50
66 60 79 15 27 2277
10 20 98 80 92 1512
79 81 26 2 47 2162
47 56 21 38 84 1445
88 65 85 84 70 2687
58 8 55 46 12 1611
14 18 69 63 87 1858
73 32 89 72 86 1535
92 90 91 28 57 1496
7 80 8 48 66 2299
23 56 10 21 64 2462
49 71 87 91 86 1705
71 66 67 13 84 2225
59 76 42 96 88 2555
3 53 17 60 79 2628
5 26 68 66 26 1858
55 28 6 19 92 1918
20 29 65 18 52 1579
42 2 82 33 52 2610
17 42 58 27 9 1762
77 29 5 80 71 2061
15 31 42 9 67 2084
1 70 70 85 44 2169
100 82 18 77 40 1786
9 21 72 18 92 2668
73 55 75 31 74 1811
72 39 42 66 74 2424
38 98 49 87 72 2128
87 6 85 28 48 1859
31 10 32 68 35 1763
36 7 66 83 87 1721
59 87 43 58 22 2258
4 81 27 3 4 1624
85 10 24 35 71 1703
74 74 55 63 89 1809
15 5 12 99 91 2097
87 23 42 94 45 1780
36 69 21 5 33 1534
18 19 8 93 99 1546
78 86 40 80 58 2135
17 78 5 65 85 2665
77 55 35 18 51 1932
93 24 86 34 63 2488
44 88 65 27 7 2507
90 64 58 81 51 2675
80 10 51 92 82 2461
21 47 36 40 16 1795
68 97 84 89 86 1770
94 23 94 20 21 1573
53 39 34 41 3 2313
