5 50
55 58 9 20 25 614
39 58 48 56 39 733
19 91 75 99 81 543
16 92 79 71 33 64
83 20 12 67 98 1120
56 19 23 82 90 1049
95 57 37 8 33 1073
99 84 85 76 29 778
83 86 79 58 90 322
92 24 29 82 31 436
73 20 81 38 7 430
69 34 55 87 60 868
25 24 32 64 33 377
42 92 49 99 88 513
54 89 78 27 96 484
58 43 1 6 44 888
43 80 34 19 50 0
45 98 26 10 12 903
39 13 77 6 7 942
61 32 88 94 6 938
20 45 100 69 85 527
87 46 47 89 14 396
17 16 98 42 63 1022
96 7 18 49 3 785
91 60 40 27 7 401
23 49 47 29 51 554
10 74 98 11 2 64
93 26 37 41 16 49
76 82 94 22 47 312
79 98 24 23 91 880
72 52 81 10 51 491
79 6 55 4 39 75
25 49 50 60 31 751
71 32 37 86 61 891
57 63 10 17 62 109
54 95 97 45 15 1042
99 35 99 77 91 207
50 94 82 23 79 804
1 77 31 44 18 86
10 79 72 78 1 624
4 20 70 86 16 100
59 87 64 58 16 350
42 45 86 71 6 542
2 10 13 63 19 391
34 2 21 53 64 807
44 48 2 96 18 198
41 1 82 84 20 1019
86 81 45 91 52 289
87 62 59 97 1 694
57 22 70 29 46 152
