8 50
100 90 55 90 3 82 90 20 104
20 75 3 92 50 81 66 100 725
100 65 63 23 55 76 66 52 771
23 2 3 4 97 53 30 7 11
44 63 57 23 50 86 70 10 464
24 83 38 21 32 100 23 22 864
57 14 24 24 60 21 73 31 328
66 98 86 18 2 59 60 83 302
49 97 36 49 47 50 26 81 506
40 16 16 81 50 3 50 11 657
8 58 69 29 28 87 21 1 881
13 76 88 62 64 52 60 27 1169
95 82 42 76 31 32 87 47 817
91 32 51 48 80 88 5 24 466
44 15 6 98 97 14 54 48 1107
14 99 35 81 45 100 19 23 101
87 28 12 50 76 83 81 9 1109
93 70 48 65 75 56 46 40 348
85 15 99 5 53 7 87 24 834
55 85 8 54 23 99 100 78 1137
92 90 1 66 45 59 76 94 92
58 22 99 21 66 40 2 28 1119
80 40 32 87 28 64 37 98 745
75 97 6 43 81 17 1 25 1008
38 71 87 82 3 76 39 52 909
27 24 80 76 29 2 41 84 136
4 53 72 99 92 23 92 2 753
47 47 19 41 56 82 88 87 876
18 61 32 70 32 86 44 23 28
35 96 86 65 85 72 63 91 1072
61 65 44 94 35 82 76 87 544
34 63 18 90 19 58 67 77 15
15 63 17 76 23 5 33 76 771
79 10 2 96 97 80 76 58 1034
52 38 88 75 53 75 16 30 879
32 89 30 34 94 73 76 98 1124
9 29 46 49 13 49 83 63 810
14 50 65 18 45 52 19 52 580
4 47 68 76 20 69 42 34 508
61 85 100 61 13 87 59 79 1063
41 90 75 51 48 66 46 99 666
28 48 29 23 82 51 73 94 875
37 20 32 45 26 24 88 88 104
6 28 96 30 21 60 30 72 1056
81 68 75 46 58 37 69 20 791
33 24 38 74 43 65 18 99 206
3 29 47 3 66 71 23 44 407
78 72 69 41 5 85 72 52 1051
96 26 80 42 11 4 78 56 61
74 75 54 76 36 21 38 72 100
