5 50
71 78 73 18 32 521
21 36 58 41 63 1556
34 34 72 73 40 1253
79 52 57 96 51 1260
86 48 96 77 58 1902
75 2 45 53 29 1876
73 46 23 16 18 591
40 84 23 6 99 1478
27 44 39 9 91 531
14 49 67 50 5 2083
79 23 67 93 15 1951
64 63 39 70 14 349
41 97 79 72 14 2050
53 70 76 35 41 995
52 5 5 53 57 829
50 28 4 72 82 1292
66 19 66 99 38 291
88 37 12 31 59 1268
71 2 23 39 56 1909
65 2 35 48 23 980
45 84 33 52 7 1605
46 79 42 65 23 702
52 44 37 87 10 317
100 29 78 19 77 325
24 47 17 96 62 430
85 94 10 28 27 1510
45 95 43 3 37 959
9 85 98 38 40 727
15 90 30 33 77 1995
85 45 25 31 79 1227
40 11 13 6 27 1970
28 54 72 77 50 1628
84 80 28 79 83 717
76 5 75 35 39 1147
9 53 23 59 97 871
26 87 9 7 86 327
36 7 73 91 22 1748
57 29 75 59 40 1373
10 57 11 4 6 809
75 58 93 37 7 1113
41 47 5 91 35 2022
56 6 26 11 6 889
75 39 32 18 46 1179
24 60 76 93 92 2157
41 64 57 68 27 1059
21 63 64 93 40 841
24 60 99 59 81 1844
20 60 6 32 65 2148
50 81 34 53 11 1188
3 78 11 77 55 338
