8 50
55 14 65 29 30 87 17 80 2071
35 21 94 34 83 95 48 72 2249
32 85 76 41 36 14 10 15 2079
54 75 3 29 58 47 23 54 2229
100 15 99 12 74 64 39 50 1796
23 7 90 38 66 68 38 53 2076
14 38 94 50 97 22 85 90 2185
40 98 33 36 87 76 11 12 2187
46 78 41 52 59 16 65 12 2021
13 77 32 26 64 22 91 72 2144
93 61 8 44 56 100 61 32 1991
85 28 44 48 16 37 86 28 2209
1 63 54 2 78 27 8 24 2172
30 18 7 94 14 45 98 3 2054
61 25 82 88 82 1 4 29 1961
49 86 5 19 37 39 47 61 2180
44 61 38 3 43 84 91 40 2101
98 79 31 54 4 32 67 24 1898
18 67 74 95 29 17 29 37 1810
23 80 46 86 98 97 71 71 1930
25 81 13 73 86 20 82 46 2196
13 99 80 3 5 20 79 73 2098
64 43 74 23 6 15 57 76 2260
72 77 57 69 34 68 81 83 1900
62 58 36 82 23 2 26 32 1845
74 39 59 15 83 84 97 60 2155
66 32 98 18 40 3 26 98 2020
96 2 90 37 99 84 45 83 2254
43 21 81 13 94 11 82 49 2201
82 86 35 51 80 76 61 24 1817
2 7 88 39 81 98 47 24 2127
67 2 59 4 31 80 39 64 1879
94 17 63 1 22 98 18 80 2011
10 86 36 20 65 22 88 37 2287
78 63 86 26 27 52 12 68 1844
88 50 74 40 59 100 24 78 2219
10 55 79 96 52 88 83 43 1967
64 68 51 77 90 52 41 34 1959
43 85 91 70 67 64 58 47 1921
73 9 3 23 95 33 99 46 2199
22 99 31 61 48 17 99 53 1867
24 94 63 97 63 6 92 21 2119
44 84 32 77 41 71 32 10 2166
64 32 44 87 38 71 76 54 2240
63 4 10 76 26 56 73 58 2009
36 44 84 34 75 29 29 65 1820
71 93 32 70 77 49 94 39 2255
46 31 59 43 42 13 16 20 2104
5 51 37 73 58 54 18 6 1944
18 25 23 59 7 77 49 34 2146
