8 50
93 42 31 98 42 65 37 62 1067
67 60 43 6 97 25 2 93 1064
42 5 79 15 4 13 5 51 768
77 45 80 81 39 34 18 8 1448
88 100 56 93 57 83 8 85 962
77 41 54 19 28 80 32 33 1240
9 95 98 60 59 59 89 54 930
11 24 18 24 51 98 58 1 1340
97 25 82 78 87 99 32 25 1041
33 72 16 99 76 74 8 40 1692
86 98 92 94 1 18 23 87 1553
4 9 77 14 52 52 69 57 1636
75 47 47 54 3 95 49 56 1334
53 61 51 65 67 19 51 11 1325
71 69 94 12 69 22 29 97 873
5 20 27 43 20 78 71 1 1145
71 45 44 8 49 53 71 99 1165
12 4 37 82 8 95 53 66 1505
31 76 56 15 20 40 4 24 754
52 26 50 42 86 83 23 80 797
60 43 17 58 54 88 9 45 1339
51 77 36 85 44 10 6 84 815
87 3 50 46 48 66 79 65 860
84 9 55 88 19 46 86 71 1347
50 17 97 100 53 47 48 64 668
68 5 97 19 5 76 74 97 1462
61 50 68 22 100 97 56 40 1456
62 2 34 24 69 77 61 1 1761
5 59 6 7 62 44 8 24 1686
25 62 23 99 62 66 56 2 1207
100 65 21 98 25 66 73 92 883
48 21 98 75 99 15 45 27 1317
90 41 14 55 41 58 45 14 1170
46 5 36 86 99 22 21 79 1221
81 48 74 7 61 95 4 58 1284
93 99 81 100 46 100 13 92 761
60 87 10 95 27 65 51 14 1473
46 39 78 12 13 50 77 3 1623
38 11 11 53 47 49 27 30 1176
45 14 1 36 29 40 4 33 1566
100 1 42 84 71 41 21 63 1445
73 18 46 80 75 88 32 71 1835
6 82 4 47 7 85 23 23 637
49 28 63 26 76 39 61 78 1028
21 3 38 57 34 62 56 54 846
99 80 52 7 69 42 98 38 1688
42 10 77 9 42 30 75 77 909
76 19 91 55 95 33 33 74 944
31 30 49 51 87 36 24 6 1500
29 75 32 12 28 46 59 17 1564
