8 50
13 10 93 61 78 42 52 24 1666
31 2 34 55 75 13 37 15 372
43 75 69 55 33 20 28 64 883
55 35 51 84 87 63 5 78 311
96 83 75 7 37 71 9 79 1007
64 74 65 27 1 91 45 29 1350
72 73 89 13 56 54 77 79 1106
98 65 40 93 78 87 86 46 1028
11 71 71 31 77 73 28 25 1601
82 85 41 19 98 63 88 57 1005
40 14 6 41 80 49 55 62 1333
30 6 19 62 11 1 70 36 622
11 83 51 45 86 76 92 6 1048
91 25 81 99 50 2 75 95 1518
21 63 11 92 41 18 60 52 1882
29 24 44 51 3 83 30 19 660
90 11 92 42 53 39 42 91 524
70 3 11 84 72 80 42 61 2173
73 8 37 61 11 2 41 49 2264
82 8 81 97 39 71 61 35 899
2 35 81 53 96 28 10 11 831
19 87 63 96 82 9 12 77 1899
70 89 55 88 93 88 77 49 421
97 30 96 47 97 14 84 81 2116
42 55 10 94 36 9 83 58 1846
50 57 14 74 95 5 2 87 1874
98 97 14 25 89 27 34 9 747
62 18 69 25 94 60 11 16 465
21 90 13 22 58 55 74 20 2109
58 53 8 99 91 83 83 97 716
31 46 66 37 35 42 4 80 1025
13 19 85 72 43 29 73 28 1798
5 13 63 72 44 6 54 14 1014
25 94 36 97 14 32 52 9 1259
20 2 38 99 61 90 68 43 443
38 99 67 67 55 41 98 34 1331
1 16 11 60 12 37 48 47 1675
11 93 27 7 45 8 64 54 1102
33 82 67 96 68 3 66 69 1401
5 44 85 38 41 23 68 76 2191
5 11 75 43 9 98 75 28 265
90 47 49 9 26 39 96 89 978
90 93 28 26 52 9 93 30 1142
30 95 8 90 79 5 56 61 476
25 30 87 60 83 3 44 88 2213
55 69 80 100 66 21 84 1 782
55 61 70 68 77 80 37 22 1368
13 75 86 6 44 81 93 22 1375
17 92 16 91 45 73 18 55 1836
14 30 71 83 41 53 19 70 553
