5 50
86 81 51 63 8 807
24 76 9 88 25 1275
29 8 17 60 54 1636
16 33 61 20 56 1837
39 76 47 68 55 848
30 3 79 81 14 856
72 10 72 3 78 1420
9 48 44 83 37 1336
90 79 54 83 47 986
90 95 64 100 22 1026
56 98 56 66 32 1106
10 90 9 94 74 1335
85 87 64 97 41 1895
49 100 9 63 26 872
96 36 32 72 57 1652
97 2 19 89 41 670
28 32 92 46 72 1333
18 35 43 10 86 1851
96 13 14 52 13 1720
61 12 89 44 14 1712
86 34 54 9 55 801
68 43 31 99 85 1067
14 94 44 12 69 1306
99 79 36 39 11 965
78 59 44 36 68 1056
69 93 33 49 22 1251
69 5 12 76 82 1070
37 82 27 84 89 1041
54 7 75 8 17 1037
40 67 77 38 4 1388
13 29 6 23 16 1243
78 8 14 1 54 1391
97 43 38 13 62 1121
48 28 3 46 46 1040
92 98 69 85 59 685
6 61 33 34 97 894
100 91 49 21 82 1664
69 90 28 21 46 1831
16 100 39 54 52 1081
31 51 22 24 4 632
21 47 79 10 86 1181
35 8 57 3 3 632
90 95 14 79 87 732
16 7 91 79 97 1075
92 7 76 26 75 1729
82 79 74 59 58 923
22 8 65 23 28 1312
34 100 57 52 100 1071
47 31 86 30 18 916
33 90 54 57 80 875
