5 50
56 82 19 62 69 698
83 94 23 29 24 451
85 62 55 21 82 262
3 40 46 43 5 524
7 49 51 82 22 429
26 63 67 53 89 1455
77 82 69 4 76 904
62 55 50 96 97 1181
42 75 64 23 19 1251
41 78 98 79 30 514
63 9 70 43 6 1110
22 70 8 9 39 1940
54 37 82 72 16 2227
65 44 85 33 80 1731
98 93 35 78 11 588
11 51 50 55 4 1524
49 77 49 14 24 1444
80 73 59 34 10 2224
88 57 52 30 30 316
41 50 59 62 73 1829
41 13 96 78 5 480
37 71 46 13 28 2012
98 98 8 25 45 1773
83 41 39 76 74 544
71 60 95 86 91 2054
67 46 29 73 3 1558
11 9 85 29 46 2168
76 94 44 32 62 922
59 27 79 51 2 2130
98 36 89 57 1 1508
34 6 47 10 7 1021
29 79 17 85 73 890
39 28 10 90 68 1000
44 91 12 31 6 295
17 37 83 98 29 1174
95 25 10 46 83 2205
8 50 20 92 83 1321
31 35 2 88 84 576
20 36 83 92 56 570
91 25 41 3 65 842
25 25 63 95 40 1709
66 36 59 87 55 1532
38 29 31 38 33 1501
94 44 44 36 37 2114
58 11 22 74 20 1970
1 48 96 90 77 652
7 16 34 15 77 989
2 17 92 46 30 2202
11 87 85 3 92 779
88 62 38 80 29 872
