8 50
4 89 54 12 53 93 40 95 1406
89 83 49 25 85 15 2 39 1232
26 49 71 22 13 27 5 55 1382
5 49 62 73 96 4 13 16 1111
20 6 4 59 3 57 18 56 1172
32 82 62 70 28 84 97 96 1160
17 17 100 48 60 67 22 23 1091
49 95 71 67 19 46 13 97 1043
69 41 65 11 92 36 93 61 1429
70 89 93 48 54 29 12 46 1195
45 58 56 53 5 74 60 98 985
7 76 21 17 2 65 39 6 999
94 34 46 30 67 45 44 96 1193
2 51 88 41 72 23 24 78 1300
69 20 83 72 3 36 18 32 1199
52 5 40 64 45 89 12 17 1180
36 12 54 55 27 40 32 10 1269
6 41 89 83 6 10 91 46 1392
19 44 50 53 67 76 45 8 1468
60 14 85 30 68 12 58 65 1222
75 28 89 10 29 19 23 88 1109
56 86 68 88 4 41 48 3 1121
89 29 88 59 61 94 32 76 1056
75 30 39 25 43 77 88 22 1397
63 57 47 35 13 15 67 44 1390
65 43 87 54 66 45 7 70 1460
16 65 89 8 1 99 83 83 1208
9 66 82 36 97 62 19 88 1057
83 68 17 49 70 43 24 91 1002
49 20 40 27 43 85 93 29 1267
4 61 9 27 59 39 14 77 983
49 61 87 98 44 87 81 31 1333
25 53 18 26 18 53 28 78 1229
60 20 83 37 8 38 77 66 1010
93 55 29 28 22 1 82 70 1286
80 48 89 1 46 82 49 51 1000
15 59 95 86 19 1 97 16 1016
54 67 62 27 89 51 3 96 983
27 75 60 39 35 82 94 7 1006
94 79 84 12 92 80 44 80 994
82 58 91 27 62 24 59 80 1458
54 11 23 57 62 81 100 34 1300
85 5 39 69 94 49 99 98 1330
51 65 96 15 86 91 28 51 1402
89 47 6 2 51 26 48 52 1304
25 57 37 3 27 56 3 94 1049
52 20 1 8 15 83 24 52 1208
47 74 14 78 19 31 47 90 1086
6 46 40 11 82 22 18 3 1064
32 72 73 21 67 11 28 23 1262
