8 50
89 57 5 15 36 66 31 62 450
77 41 39 94 34 71 99 86 670
30 63 92 78 58 5 78 68 721
47 55 14 92 45 41 42 41 440
48 41 59 43 53 80 47 50 665
95 64 58 42 54 27 94 65 753
95 70 20 27 6 61 56 100 747
21 66 28 71 18 8 65 65 449
98 70 3 99 71 100 95 28 443
83 57 93 26 77 74 38 68 612
13 98 18 29 99 86 18 67 655
81 27 30 1 58 6 93 73 283
33 15 77 96 9 53 49 29 418
68 25 56 37 23 17 8 87 605
38 7 98 75 9 89 36 7 445
66 47 20 75 16 36 83 49 560
3 57 30 79 28 24 15 31 481
35 79 36 31 12 83 75 63 329
79 32 49 31 12 66 45 41 623
1 42 43 79 85 89 90 21 504
73 52 89 58 52 88 25 99 508
53 72 35 64 68 61 44 46 469
96 14 2 88 19 4 5 42 335
66 67 22 39 21 78 62 1 706
99 95 58 43 81 46 37 14 361
8 32 64 24 86 59 41 9 394
69 36 2 38 48 48 76 28 428
57 87 93 73 88 10 43 54 563
56 55 54 40 83 54 73 34 735
77 90 48 31 95 8 92 4 488
33 87 72 6 49 33 43 37 469
62 37 1 3 49 78 38 54 670
70 75 40 59 57 59 17 5 387
19 54 21 73 63 37 17 68 355
10 67 44 46 10 52 16 52 553
49 98 69 80 9 37 46 94 423
87 39 88 71 49 66 43 18 305
84 41 30 67 94 57 26 15 349
38 43 98 83 93 56 42 40 270
77 85 69 55 73 65 95 51 538
76 73 15 16 65 70 61 13 614
38 39 67 63 59 9 97 79 369
78 27 91 69 89 18 86 51 515
23 27 46 78 79 59 42 80 439
21 75 52 61 86 92 34 49 447
2 43 1 10 36 20 34 42 595
42 40 58 61 65 70 82 16 665
51 24 26 32 7 13 2 20 637
98 17 71 12 27 39 95 32 664
84 26 47 93 71 47 31 2 743
