8 50
59 32 37 97 87 99 2 55 133
4 53 50 24 24 97 62 100 1295
25 6 38 6 7 100 37 8 605
5 51 97 83 67 1 92 72 655
7 85 22 67 91 97 67 34 401
38 55 39 38 14 100 8 17 243
98 20 31 44 12 94 87 44 407
93 11 22 14 87 9 68 39 477
83 22 41 91 95 25 27 99 828
58 36 92 100 79 2 48 77 1220
70 99 34 2 89 21 99 27 59
67 6 88 29 19 72 18 3 1192
86 72 11 87 64 70 42 98 673
48 67 45 89 67 20 25 6 690
3 54 100 50 96 50 99 76 477
90 79 87 6 77 98 69 7 524
70 66 18 73 38 80 32 59 34
75 64 82 53 61 25 16 71 1462
75 41 59 55 83 5 38 95 521
40 83 53 95 13 92 41 14 1584
73 13 100 99 57 93 82 94 509
1 17 28 4 14 50 52 91 1483
51 53 22 18 79 33 29 72 228
51 10 72 39 85 46 50 2 1162
56 60 41 15 96 66 67 99 1372
64 19 54 55 86 46 65 72 1525
19 94 6 69 44 74 11 7 780
76 59 4 49 83 39 41 98 1439
95 64 95 36 73 86 92 14 660
29 9 77 80 69 58 12 29 859
15 71 9 73 78 25 56 53 494
55 34 19 3 69 48 85 10 873
89 53 68 42 66 59 91 99 1004
12 29 24 24 27 90 80 30 1525
99 33 42 94 81 6 92 8 1336
12 21 67 76 9 68 83 30 1201
92 98 75 12 32 85 58 95 1324
49 95 99 63 91 65 17 55 1083
82 39 57 61 92 28 48 53 56
95 69 75 76 68 88 30 30 924
6 7 77 60 59 89 17 24 571
95 36 54 70 67 68 31 4 450
61 18 23 36 52 92 75 20 532
67 45 52 43 53 20 14 34 269
92 2 77 29 74 15 51 27 1324
59 48 50 83 25 38 59 57 1348
56 10 47 77 5 58 21 90 1492
49 47 81 49 38 31 55 79 1100
58 4 59 27 39 34 72 89 559
38 70 94 44 42 40 100 43 1335
