8 50
72 35 27 29 31 53 26 82 2607
25 1 25 83 37 8 3 30 2349
2 31 67 59 77 95 90 43 2074
43 94 70 8 49 83 96 31 1607
3 65 44 41 51 22 39 64 1756
88 42 49 7 3 73 79 45 2028
4 93 19 95 92 74 23 41 2037
25 80 19 6 87 67 42 17 2413
26 62 22 67 3 30 30 94 1457
76 59 89 76 50 74 25 41 2606
69 65 13 69 15 25 79 54 1554
9 38 16 20 2 64 81 41 1958
24 56 50 31 44 100 81 32 2508
77 12 29 38 100 13 71 47 2556
82 55 13 10 59 42 37 2 2554
34 48 33 51 88 54 28 7 2486
45 100 3 99 5 62 70 54 2136
7 41 100 8 84 17 54 74 1716
18 55 70 82 43 14 15 95 1550
28 46 1 38 49 14 9 10 1408
34 58 11 72 98 71 49 34 1436
15 70 28 19 11 82 14 100 1913
86 70 94 96 35 2 63 30 2003
51 44 33 30 68 90 78 67 2475
90 79 24 65 80 19 8 99 1822
4 71 51 34 4 100 26 50 1721
84 22 39 64 16 92 38 65 2536
92 6 65 15 37 60 64 54 1585
81 25 76 28 49 94 2 35 1863
43 100 66 30 95 99 4 82 2624
10 17 54 47 73 10 68 48 1459
30 45 17 88 28 98 31 69 1869
68 42 21 89 88 84 26 86 1849
95 25 84 90 28 71 30 40 1484
88 73 35 5 74 6 13 19 1936
77 23 29 17 94 46 47 71 1437
2 24 35 81 50 77 77 18 1767
16 67 75 71 60 40 89 59 2512
68 28 34 10 100 2 72 5 1579
70 81 96 16 93 11 15 6 2273
67 49 80 12 73 93 55 88 2555
58 60 57 68 90 30 69 64 1644
32 96 23 72 42 85 47 90 1785
44 16 99 66 68 32 40 47 2227
76 7 3 97 36 49 64 47 2125
38 21 39 86 99 62 62 75 2325
88 15 57 46 68 70 44 23 2114
92 98 70 26 68 83 2 21 1535
32 8 39 24 63 95 43 96 1723
95 51 81 5 73 58 63 95 1769
