8 50
47 2 36 59 13 63 63 38 1766
64 41 37 36 46 63 12 67 1487
79 81 39 49 9 84 70 87 1664
79 22 85 72 87 86 37 83 2313
26 14 43 58 22 15 57 76 2357
43 40 42 90 27 66 90 33 2229
75 66 90 23 31 12 13 11 1470
28 20 39 26 48 74 40 60 1596
84 66 29 18 45 28 30 57 2471
48 74 12 94 76 72 21 4 1422
75 19 84 95 35 29 99 50 1766
2 44 37 23 51 93 61 85 2494
23 83 16 31 100 4 35 15 2615
95 14 93 6 20 46 78 86 2439
2 49 84 8 24 80 12 78 1969
99 99 84 48 65 4 48 59 1777
29 24 7 21 76 69 87 4 2177
88 73 43 9 30 39 60 72 1878
5 40 94 65 37 5 97 21 1987
98 68 23 51 25 18 83 64 2448
75 98 11 9 64 71 58 23 2266
86 3 97 87 11 96 95 7 2434
52 52 35 8 51 99 25 54 1855
34 39 15 85 5 44 8 2 2336
21 49 54 17 94 87 53 88 2617
34 27 4 23 71 85 72 45 2575
95 47 65 4 14 47 96 1 2404
60 10 62 99 15 77 27 19 2304
15 28 3 30 28 80 35 62 2525
60 13 55 35 86 61 42 28 2380
42 68 63 93 74 92 6 34 1938
52 50 10 39 100 70 70 49 2634
89 28 70 37 3 72 64 27 1871
84 70 86 2 40 9 49 43 1735
16 25 10 7 82 3 12 8 2465
1 38 55 22 44 67 63 34 1678
94 48 16 52 55 76 28 46 1498
74 78 45 40 48 100 70 93 2000
99 6 40 14 32 36 65 93 1882
89 56 31 61 99 3 30 40 1881
39 65 8 29 24 94 76 31 2450
53 24 61 93 31 31 4 100 2546
89 73 92 82 10 74 46 45 2554
82 64 56 67 53 70 49 10 1569
48 26 94 83 22 22 51 74 2330
66 5 69 74 13 90 47 99 2612
39 59 87 43 49 89 94 94 1909
65 63 22 51 97 18 66 68 1973
33 52 67 93 96 76 58 88 1885
41 24 54 93 54 88 59 6 1803
