5 50
63 17 19 18 38 719
37 65 48 55 85 99
11 15 47 13 21 1296
36 32 62 67 16 864
18 41 98 28 36 359
77 55 39 33 8 1067
10 82 46 6 40 1360
4 86 23 46 62 515
13 2 99 93 21 216
50 15 36 59 76 249
58 99 20 89 84 503
84 99 41 6 96 69
2 39 54 1 3 1340
87 18 87 33 2 156
46 59 10 89 95 955
39 56 69 75 96 358
11 1 10 12 53 855
48 97 80 53 89 1120
78 61 36 16 35 317
80 53 55 59 80 434
2 97 54 95 27 698
25 11 37 79 42 843
11 16 89 30 37 1244
11 9 65 57 42 399
10 19 41 14 18 247
16 13 37 76 2 1109
13 47 22 76 25 995
2 36 23 11 63 866
95 86 97 98 16 565
18 97 4 55 29 1375
53 35 4 54 16 1210
54 37 30 12 54 851
6 13 18 8 32 33
20 42 43 64 85 1221
72 76 11 28 7 1363
77 41 81 36 19 1017
99 42 35 27 24 790
46 36 70 25 22 395
88 56 37 99 24 472
66 9 84 95 88 507
99 45 84 58 80 275
8 15 60 68 96 860
13 3 90 19 56 184
86 53 76 19 3 394
17 72 97 66 85 611
72 33 79 5 72 1054
67 7 50 99 57 1359
75 25 79 92 24 1020
24 70 35 58 16 178
16 100 19 96 51 348
