5 50
44 88 1 22 99 1209
63 28 69 69 30 1466
78 39 34 66 1 1079
97 5 15 27 99 1524
65 47 52 17 80 1040
83 84 45 43 76 1264
31 32 86 85 59 1318
84 82 83 5 1 1206
28 21 4 14 96 1373
81 95 70 81 78 1426
13 10 42 43 21 1512
89 70 92 87 83 1461
33 56 37 34 47 1237
47 26 15 92 61 1293
1 11 96 91 17 1033
81 87 88 24 67 1241
68 62 52 47 59 1294
22 77 28 17 65 1204
76 76 71 72 31 1119
65 54 87 26 55 1334
25 62 14 52 72 1052
64 40 91 11 43 1112
81 97 66 27 91 1352
61 11 22 98 89 1086
44 20 44 41 39 1531
37 33 84 11 44 1305
59 73 78 60 69 1075
52 68 60 71 88 1333
29 82 81 43 81 1069
97 11 32 55 97 1147
49 37 51 47 86 1122
82 49 41 51 64 1254
3 61 25 24 2 1187
21 38 42 8 67 1469
4 6 32 58 26 1262
94 75 64 32 62 1429
41 13 13 7 19 1505
33 36 93 4 65 1382
12 80 57 44 91 1035
57 81 19 53 30 1332
29 37 72 34 40 1118
73 34 14 43 85 1312
42 77 51 92 64 1421
80 39 61 28 29 1498
4 2 29 48 13 1321
68 3 44 60 80 1481
57 1 42 22 14 1195
91 66 76 46 74 1136
1 82 33 93 60 1490
33 92 71 79 85 1480
