5 50
90 57 93 70 51 71
56 66 76 73 88 1110
47 67 54 65 69 1378
30 15 3 63 61 257
52 59 63 57 28 1143
29 14 50 83 66 1379
17 13 5 45 41 1382
3 100 86 40 84 123
76 12 38 70 66 155
100 7 12 39 60 1213
17 3 86 68 20 343
52 1 78 84 80 437
32 13 35 32 67 416
25 24 51 30 61 133
15 92 17 77 74 1169
32 4 89 39 5 1182
3 29 95 64 34 556
58 22 12 33 5 839
8 67 86 18 15 670
97 51 80 26 62 1291
21 4 50 13 81 903
87 38 51 94 19 930
93 20 35 24 43 729
88 55 39 51 68 12
46 24 55 92 94 990
45 57 20 34 22 234
62 10 78 82 88 1239
35 31 74 56 51 1406
87 96 48 78 4 1440
27 49 76 69 73 16
85 97 78 57 68 884
58 42 38 20 27 421
78 31 53 25 71 393
85 98 85 75 6 1209
18 49 28 39 6 165
35 93 81 35 56 298
25 39 78 79 9 941
83 22 58 5 25 1364
45 11 54 52 91 10
59 63 48 96 64 1130
1 15 53 85 91 1270
17 17 90 62 97 986
91 75 2 29 10 1170
69 65 17 64 11 401
56 14 64 43 10 790
27 68 57 11 87 418
58 83 6 66 93 1492
18 15 44 90 51 150
16 53 15 74 72 909
87 83 63 16 9 66
