5 50
9 65 27 23 49 1798
35 72 67 82 75 1636
60 65 28 63 4 1842
24 22 57 80 53 2222
39 82 25 27 63 2797
92 8 1 30 82 2206
11 11 23 62 39 2153
51 88 52 30 5 1053
16 70 56 96 49 2164
69 97 100 75 39 2306
25 93 61 75 86 2441
61 62 88 69 65 1899
43 50 15 23 15 1598
25 23 56 10 55 1512
57 20 39 84 64 2063
18 60 69 39 10 1805
95 2 29 89 18 1033
7 87 32 6 84 2635
62 71 21 27 82 1968
47 5 14 96 1 1962
80 42 87 97 65 1767
67 61 27 27 77 1569
3 1 77 78 15 1610
29 10 41 96 68 1506
34 23 16 19 48 2972
48 61 58 1 37 2422
21 62 60 11 80 1616
11 92 21 94 29 1936
88 50 53 74 1 2033
57 79 9 33 47 2769
100 62 65 67 71 1829
58 76 54 95 88 1030
87 25 64 60 84 2835
98 57 98 31 36 1364
24 46 41 43 40 2963
63 95 9 63 42 1408
15 95 12 29 37 1596
66 2 11 89 54 1294
82 1 35 27 33 1515
94 11 77 26 59 2037
10 22 46 74 52 1257
18 41 27 71 64 1425
76 15 20 90 72 2865
17 1 89 62 83 2126
67 58 42 90 97 2433
48 81 40 36 86 1440
18 53 37 72 1 1914
87 88 73 91 55 1199
53 100 41 93 40 1257
12 71 66 25 55 2097
