5 50
73 82 24 76 83 1555
85 62 54 52 43 1182
38 84 63 98 91 1277
35 4 54 64 93 1119
76 84 94 74 35 1386
28 18 18 73 74 1461
10 53 35 64 28 1206
33 98 86 63 68 1215
38 78 92 86 97 1372
40 38 69 58 24 1452
13 17 72 67 16 1427
15 66 68 15 32 1159
89 80 100 35 87 1148
51 28 75 62 4 1456
1 18 72 59 69 1145
31 9 19 29 89 1146
83 51 15 55 4 1452
28 77 23 25 74 1575
51 2 54 5 26 1502
26 86 96 54 43 1595
40 57 89 94 34 1365
72 41 87 89 89 1383
52 89 10 71 50 1277
63 39 90 95 61 1607
81 99 33 27 72 1111
99 32 73 35 53 1418
36 69 66 76 59 1340
28 49 32 88 79 1532
55 92 11 77 11 1332
88 66 49 6 95 1602
47 30 17 92 74 1474
92 8 92 54 73 1300
79 40 75 40 31 1587
41 59 30 20 87 1430
89 55 19 14 33 1335
98 39 2 82 11 1431
96 30 56 77 89 1227
63 26 41 53 66 1111
7 57 76 75 43 1407
4 92 48 92 45 1333
64 49 98 55 19 1114
97 32 8 24 49 1154
55 12 57 31 72 1424
19 70 30 5 77 1585
63 80 68 2 96 1276
44 48 63 28 9 1454
84 31 72 66 65 1598
9 93 56 6 34 1115
77 61 78 30 5 1520
86 61 48 75 35 1343
