8 50
22 97 98 91 94 84 11 55 1426
85 12 76 87 18 2 56 1 1258
78 63 32 53 35 1 47 38 1129
82 12 38 22 27 36 71 51 1381
55 44 92 60 26 40 72 60 1398
65 7 59 1 42 18 59 40 1044
23 85 66 38 76 15 24 94 1085
40 23 76 58 9 10 7 31 1196
50 58 20 17 42 45 72 98 1337
63 39 12 69 72 40 95 46 1300
39 10 9 40 29 49 4 91 1032
71 59 66 72 5 90 56 38 1179
85 32 2 86 54 11 98 100 1184
77 65 85 67 40 65 75 11 1474
73 54 34 74 70 36 78 42 1383
62 57 20 12 94 77 48 64 1084
42 45 20 11 65 57 14 28 1148
76 68 57 20 34 92 19 96 1482
75 30 36 72 26 83 50 57 1284
67 76 81 79 70 7 30 64 1041
38 2 56 80 97 11 32 13 1100
36 53 100 98 89 31 63 55 1461
31 2 76 83 78 39 5 18 1126
76 37 17 19 15 60 91 32 1211
60 31 81 33 24 75 73 79 1288
97 52 15 26 34 95 84 13 1328
62 93 5 69 30 24 34 99 1435
18 47 28 29 99 18 97 55 1247
2 83 95 58 7 22 36 54 1312
38 84 65 41 13 74 73 59 1263
64 20 7 11 34 65 77 10 1171
57 7 75 22 8 12 63 89 1111
22 2 63 92 93 71 98 30 1434
76 62 74 29 58 100 30 80 1000
29 18 58 1 30 34 83 25 1239
61 73 77 24 18 40 10 87 1332
85 57 76 53 84 8 50 31 1055
63 53 27 92 53 76 3 95 1405
24 20 63 52 81 8 15 54 1082
97 24 18 81 59 42 8 35 1465
23 4 51 10 66 65 24 82 1217
87 86 3 17 70 79 81 90 1262
19 42 21 22 32 3 45 100 1438
42 68 43 84 10 4 4 50 1312
76 90 2 48 80 47 100 69 1210
8 8 78 67 64 29 36 84 1012
16 63 28 20 51 10 58 2 1341
5 99 22 73 38 43 55 52 1460
47 88 71 97 86 66 67 81 1285
17 28 89 96 16 85 78 25 1475
