8 50
85 8 55 58 58 23 56 79 2514
49 18 80 33 66 90 34 3 2283
64 24 36 7 29 49 35 74 1388
51 23 12 5 39 2 88 98 2842
95 18 61 49 62 13 21 1 1026
34 51 26 93 71 43 7 44 1751
38 21 62 21 76 15 62 59 2581
64 81 47 1 87 36 8 47 1278
87 4 65 52 69 25 69 7 2226
79 47 45 88 60 22 57 64 2657
42 36 30 67 94 8 25 17 951
34 26 79 3 96 48 14 32 2033
33 45 63 76 40 92 28 43 1565
15 8 52 20 71 45 12 68 2100
20 21 37 42 79 95 79 41 2425
84 20 12 92 18 8 77 88 2707
53 4 24 7 74 18 51 44 1286
88 24 40 47 2 4 30 87 2167
68 83 54 57 27 13 41 82 2221
14 45 89 59 69 93 34 12 956
83 28 87 79 30 6 46 79 1060
57 4 72 65 55 61 48 81 2632
62 47 30 64 3 2 79 84 2058
43 38 31 73 65 47 37 27 1968
75 22 5 67 6 2 12 71 2426
34 76 21 48 93 78 73 6 1240
30 29 48 99 29 74 88 92 1318
41 86 93 16 54 54 33 53 1638
97 10 66 60 93 80 38 12 1767
75 55 67 18 11 20 95 79 2436
80 93 69 71 34 73 20 73 1683
23 67 12 14 49 62 59 2 1750
65 32 1 93 82 57 71 18 2015
24 11 61 6 43 27 26 43 2793
69 59 28 35 42 18 84 59 2367
21 7 59 39 60 62 10 19 2206
12 19 15 74 35 17 84 34 2602
69 98 99 89 16 3 11 7 2275
3 98 34 91 46 26 80 74 2127
83 88 15 37 68 43 71 7 2823
84 53 19 96 39 16 5 99 2322
50 57 83 22 90 92 10 69 976
39 4 35 20 100 22 31 75 2298
74 76 3 38 50 70 49 62 2688
78 68 66 89 50 9 85 82 2256
55 84 18 37 25 5 46 27 1672
46 87 54 77 26 63 54 41 1161
72 27 84 14 80 68 45 13 2834
7 53 16 36 24 25 68 78 2689
20 23 23 78 13 92 28 5 2301
