5 50
41 70 18 86 47 1320
8 8 1 38 59 1368
71 6 63 13 13 1098
88 82 74 90 25 1442
71 50 74 78 12 1283
12 79 61 3 75 1239
37 61 53 46 18 1253
100 59 87 18 92 1483
85 51 9 91 20 1242
82 62 49 36 20 1435
24 26 78 75 95 1529
24 37 87 10 77 1455
3 82 34 65 51 1040
70 61 99 74 59 1168
32 74 83 45 86 1426
78 94 85 86 94 1206
27 55 90 76 11 1472
53 25 75 74 10 1142
54 65 36 40 95 1347
13 54 10 32 58 1212
51 76 63 41 60 1185
9 48 43 84 84 1077
21 99 88 6 32 1315
2 2 47 60 8 1290
50 90 4 98 21 1069
82 26 9 42 18 1392
63 30 95 50 19 1046
17 77 95 100 3 1413
66 74 10 27 14 1282
49 78 45 59 91 1372
95 58 22 52 40 1358
35 27 30 71 12 1062
56 61 46 74 17 1160
66 52 84 17 40 1491
30 82 97 82 98 1297
71 93 76 44 17 1194
71 16 63 50 37 1492
40 62 66 61 13 1188
76 42 30 25 21 1212
23 13 2 10 7 1163
61 22 50 43 76 1484
66 1 42 41 95 1326
29 5 70 50 36 1032
68 7 78 54 59 1326
79 55 91 76 99 1164
73 83 84 51 35 1069
84 53 19 42 52 1420
23 79 17 3 81 1118
71 62 23 70 30 1033
56 18 47 72 71 1491
