8 50
62 55 72 15 67 67 8 65 1516
51 28 62 95 41 68 93 94 1132
51 13 78 92 9 75 38 11 1941
33 42 13 20 81 17 89 23 2120
30 32 56 1 66 56 67 99 1065
21 45 3 92 99 44 48 14 1308
57 66 32 49 20 79 61 37 1583
6 55 98 9 52 98 58 39 576
95 18 2 70 84 82 72 34 588
57 57 17 82 65 12 85 40 1819
92 83 43 45 81 1 26 86 968
1 35 26 14 47 67 20 73 1332
54 26 33 38 63 66 28 52 1394
65 3 70 50 7 52 93 56 643
32 94 85 24 81 33 10 68 354
60 94 62 6 62 96 86 81 864
61 1 66 82 36 12 10 19 341
85 29 22 7 81 28 7 23 1493
17 97 47 94 90 27 57 67 1277
17 76 29 74 73 41 9 28 864
46 62 9 73 80 12 3 7 1011
51 81 59 61 24 56 33 47 280
91 29 20 92 94 47 54 9 1472
78 96 4 8 77 13 84 61 1794
96 27 57 11 54 78 31 35 1838
100 76 18 48 50 7 83 78 835
58 62 77 12 60 17 30 72 1864
78 40 59 59 80 10 75 68 348
34 22 66 57 1 5 25 99 980
68 1 34 65 96 38 46 80 1949
26 36 53 81 71 76 21 75 1248
48 30 85 35 76 14 28 50 1537
18 5 50 98 79 14 58 7 962
55 46 60 71 79 93 18 92 883
64 62 38 84 61 53 34 47 306
94 55 66 77 3 62 21 22 1680
31 73 42 86 95 73 9 80 1077
94 37 11 86 62 100 66 98 1610
10 58 12 71 45 28 21 63 1773
11 47 79 20 55 9 78 72 1037
29 26 69 65 5 74 31 81 1681
15 4 21 91 24 10 66 94 1558
33 38 48 49 51 1 71 11 2264
31 65 56 24 99 69 96 36 2085
64 99 17 12 81 61 19 86 518
52 13 54 61 99 93 4 57 1018
2 91 10 23 95 60 84 56 1381
18 15 84 82 58 32 79 95 604
84 65 58 90 43 62 42 16 655
99 64 91 36 30 3 70 38 1105
