5 50
81 57 76 75 90 1619
88 98 32 57 91 1830
67 34 2 39 72 550
53 26 99 54 19 458
92 91 69 63 41 374
65 61 23 77 54 842
90 6 36 48 29 260
25 47 61 43 67 1767
92 6 6 86 37 1175
5 42 48 55 80 1726
94 42 98 83 27 1334
24 38 99 84 13 1708
6 88 94 37 56 414
24 97 32 52 17 1943
8 48 50 89 18 1339
1 49 24 22 92 774
85 22 20 90 39 1025
41 80 83 4 17 2023
23 82 27 30 95 1058
27 75 18 84 19 1370
20 68 48 26 73 981
44 43 86 6 43 621
19 78 90 66 69 878
78 64 46 13 2 548
2 18 71 74 30 660
17 50 68 72 46 1067
93 58 63 25 80 868
13 83 66 92 94 2078
76 84 70 32 89 1647
71 53 66 83 14 508
5 43 43 24 27 1863
47 29 53 71 48 1620
11 11 41 97 65 310
10 43 50 50 1 2021
85 20 27 1 30 1526
69 22 87 23 23 293
46 29 58 61 25 1637
5 100 71 10 10 1627
93 16 36 3 15 915
29 2 73 34 71 1244
61 47 51 72 27 801
19 16 38 5 44 1318
3 100 63 83 61 488
37 59 22 37 94 2159
87 99 13 15 7 740
100 12 57 54 39 1285
40 7 84 89 58 550
38 40 2 100 46 712
10 31 94 21 80 805
63 32 82 37 19 1026
