8 50
48 21 79 33 24 22 11 44 2368
18 46 94 41 81 7 8 59 1773
78 3 78 42 12 88 82 32 1728
32 37 14 88 68 24 57 88 2024
21 78 35 75 46 4 39 24 2496
63 83 42 54 62 18 9 8 1897
20 82 23 47 91 70 80 9 1592
91 13 29 48 39 13 13 48 2026
73 61 48 37 36 9 34 52 1677
13 44 10 35 68 30 35 100 1663
61 52 78 10 27 44 89 66 1809
75 21 24 57 36 67 78 61 1934
73 95 3 93 23 81 91 96 1380
25 97 53 1 9 7 53 84 2236
2 11 35 81 35 85 73 98 1747
53 49 14 86 71 1 4 23 1732
80 54 67 27 46 29 80 83 2135
78 90 53 8 41 46 37 43 1534
33 44 5 13 11 1 36 94 1802
19 41 41 79 8 93 47 27 2029
19 27 30 100 54 91 35 94 1579
49 87 72 19 95 5 57 6 1571
76 80 90 37 27 64 46 34 2252
64 49 27 54 16 54 35 53 1487
4 23 34 8 9 76 97 72 1578
73 69 63 6 47 46 62 4 1524
79 65 40 51 68 50 78 17 1344
69 14 17 68 78 60 27 36 1644
85 92 8 26 53 89 6 46 1830
50 98 62 50 21 95 96 83 1612
16 97 60 35 29 59 78 39 1993
84 54 74 56 91 19 93 41 1983
34 40 100 67 2 33 42 71 2449
40 19 28 35 81 10 11 51 1432
61 18 42 38 83 99 24 82 2488
48 6 52 56 90 40 31 83 1822
85 17 10 50 86 79 88 60 2312
64 92 71 88 8 82 26 5 1693
14 22 97 20 17 70 1 87 1527
97 23 53 48 95 29 82 7 1574
4 61 61 4 11 29 62 16 1677
5 94 53 10 26 66 66 1 1732
33 19 23 8 27 76 28 53 2350
28 35 66 53 66 91 53 12 2143
82 86 27 64 32 50 50 33 1658
75 15 27 76 65 84 23 82 2241
8 67 38 79 85 82 95 1 2148
32 28 3 35 12 30 58 23 1678
4 26 2 75 46 10 13 60 1589
47 65 61 67 7 91 29 53 1930
