5 50
43 65 1 80 40 667
90 20 54 54 43 988
91 2 31 90 70 736
51 98 56 87 53 182
99 22 96 74 88 500
6 67 40 63 93 177
2 75 34 72 65 729
93 53 53 48 17 807
26 3 73 70 41 831
77 26 8 95 70 1055
75 55 77 69 47 987
58 21 55 59 29 146
52 49 3 35 44 1097
52 56 30 15 6 1060
77 80 37 23 74 200
79 75 8 38 96 1092
72 90 55 25 96 695
50 72 74 55 12 1057
82 68 31 25 99 752
85 49 66 43 39 1015
78 62 67 29 28 281
59 44 62 94 19 1128
92 11 32 24 92 164
38 92 14 45 60 846
82 64 94 69 69 560
10 10 58 50 73 891
82 84 29 75 43 313
14 38 93 53 70 925
5 55 10 52 40 95
11 92 56 8 88 1126
72 19 83 95 41 285
55 6 7 56 86 1119
39 57 38 88 32 107
47 27 56 25 75 865
88 77 49 75 75 828
21 16 15 52 25 924
61 80 28 54 62 292
50 14 80 25 28 171
90 41 95 99 97 1144
24 92 90 40 82 741
37 12 12 69 17 1057
47 6 56 67 32 256
45 78 42 38 49 726
46 14 32 88 6 432
15 65 26 94 59 390
74 57 52 89 27 1037
38 86 19 9 11 367
95 63 19 21 98 961
62 19 61 3 84 672
63 6 39 92 77 567
