8 50
43 80 50 65 5 28 57 98 384
86 93 44 4 69 75 13 59 2161
78 9 83 80 98 17 23 25 1587
91 32 12 17 51 14 10 10 719
16 88 73 44 84 7 99 92 339
38 36 59 56 97 31 55 57 1168
95 48 42 22 84 29 83 95 636
52 40 13 69 15 59 95 44 1732
83 69 70 79 99 42 100 11 615
66 63 83 66 98 83 95 37 2400
26 17 72 4 50 12 79 41 543
93 3 2 84 67 32 10 49 2372
28 96 13 75 93 59 69 95 1613
78 6 43 7 19 48 7 69 1864
95 96 52 87 2 29 47 21 1205
78 83 64 5 72 3 39 57 2355
84 64 51 14 42 55 33 8 1019
34 16 13 59 74 78 58 80 634
11 57 98 42 17 82 42 78 2428
91 54 86 21 91 43 61 61 1849
1 83 72 59 86 66 17 47 1532
6 34 66 48 42 29 38 58 2083
96 88 3 53 36 5 84 57 1754
96 49 1 62 86 91 45 80 1122
40 87 72 47 65 96 97 35 1622
82 49 88 80 31 29 60 56 627
55 64 31 85 29 71 47 60 801
73 88 81 74 50 92 82 63 1593
86 94 49 32 87 52 76 89 1773
2 38 71 70 21 5 27 53 1214
45 46 89 73 6 56 92 53 292
19 39 69 45 76 62 89 52 1606
29 42 18 73 88 79 46 55 838
87 100 15 47 84 90 67 21 2066
32 50 90 5 1 72 78 64 1289
76 94 53 73 23 16 38 53 1397
51 87 93 47 72 58 92 44 318
3 86 90 49 96 20 2 65 1593
38 12 89 42 52 2 47 48 1727
41 96 95 72 46 76 28 97 1161
10 79 98 68 43 70 22 53 1660
3 31 47 95 98 67 6 12 1473
98 83 79 27 62 63 71 85 706
55 43 24 97 3 96 48 81 336
16 45 35 38 1 38 99 48 2389
56 60 72 78 60 39 11 22 1963
91 8 31 76 30 12 43 55 1197
76 85 19 17 49 73 73 24 313
60 4 73 29 15 85 48 88 1455
8 17 26 72 87 80 10 48 2337
