5 50
46 74 51 25 24 1250
98 96 79 43 15 1041
29 85 44 7 12 1373
57 79 43 8 36 1225
42 31 17 62 43 1388
72 39 73 77 14 1107
15 5 3 64 47 1077
36 14 93 56 80 1250
96 12 1 49 44 1039
78 73 47 40 14 1034
81 77 13 57 23 1491
67 22 76 6 61 1386
99 67 16 20 96 1396
15 60 53 4 22 1083
19 60 95 53 33 1389
87 51 10 11 58 1367
57 11 56 69 4 1148
51 9 16 98 64 1280
29 6 60 13 41 1466
69 55 52 39 57 1227
19 94 45 55 58 1213
38 52 48 72 35 1206
58 79 62 2 25 1367
91 32 24 69 40 1344
72 60 23 43 76 1324
67 79 84 78 51 1184
19 95 34 53 69 1334
91 68 15 68 59 1281
64 14 53 21 78 1457
68 67 64 57 16 1318
76 60 39 36 30 1242
85 69 39 18 88 1337
21 68 58 28 97 1474
40 93 49 66 16 1433
79 14 89 77 69 1193
85 93 39 16 51 1484
17 99 29 87 87 1104
84 4 15 49 8 1251
85 61 98 76 30 1160
88 37 25 23 40 1099
90 21 38 85 61 1373
82 86 30 23 96 1172
54 53 66 49 74 1300
58 36 72 58 26 1095
95 50 42 9 59 1362
93 64 14 61 82 1330
36 25 3 26 81 1322
53 100 55 84 5 1224
77 36 22 81 31 1045
34 85 65 99 56 1458
