8 50
28 57 64 25 6 23 93 40 454
52 35 78 1 81 78 63 65 223
81 53 76 25 2 23 39 67 153
56 79 84 6 70 72 66 27 52
35 48 33 48 1 19 37 59 291
10 85 10 44 4 4 46 87 55
53 98 75 42 58 35 45 27 1182
31 8 98 32 72 100 33 27 1112
86 49 47 69 29 25 60 98 477
96 34 41 87 30 15 46 11 697
48 10 99 45 99 90 47 58 937
31 16 52 70 92 93 56 45 1063
31 1 47 56 49 51 2 100 463
48 63 56 2 66 4 43 64 1120
82 67 1 3 43 96 84 97 529
72 76 22 77 78 27 65 48 1182
16 90 29 14 69 31 39 26 1169
33 68 59 2 36 62 49 95 538
64 99 85 59 21 89 67 4 242
67 40 8 52 26 10 90 69 528
17 86 41 91 41 75 15 67 700
43 61 73 39 41 16 48 11 667
33 16 11 30 38 41 41 26 1280
91 80 57 68 41 18 36 23 1356
64 75 19 74 93 13 46 68 40
67 3 44 40 56 56 59 9 487
53 80 23 8 80 88 26 8 449
12 45 75 40 74 55 7 55 933
59 59 83 24 66 87 83 65 1145
20 36 2 74 73 37 76 77 1235
89 66 84 24 10 99 74 45 278
27 69 20 21 53 61 43 65 968
58 21 40 9 16 60 15 17 45
14 18 28 12 61 14 89 94 1368
92 97 47 51 36 4 8 62 273
63 38 65 7 19 77 91 75 1280
47 93 19 40 1 68 34 76 420
22 55 62 39 94 9 95 97 1134
82 15 48 32 11 40 22 2 51
4 78 9 33 23 1 32 36 418
8 90 100 97 67 43 68 52 150
11 73 24 11 3 41 93 9 957
35 43 11 92 34 72 10 70 826
67 75 70 8 62 38 82 50 1167
84 42 83 41 33 81 12 6 1323
9 74 25 55 85 62 53 51 1333
28 17 80 22 45 94 73 62 233
59 56 14 83 42 57 97 82 193
12 64 56 68 32 82 4 65 256
9 48 95 43 22 56 81 63 509
