5 50
18 98 48 9 49 640
16 81 64 47 94 521
96 17 56 31 98 544
37 80 25 75 82 319
97 3 34 18 73 308
80 67 41 94 4 387
67 86 1 14 20 336
14 4 50 78 75 608
27 56 93 71 13 642
100 40 39 60 43 389
69 47 86 35 70 300
71 87 62 64 71 725
87 12 6 18 18 751
38 23 44 80 33 670
52 71 78 64 64 682
55 14 33 13 60 639
46 54 60 12 12 439
27 35 12 37 62 361
34 28 47 35 31 748
35 27 57 23 71 583
23 85 42 24 36 709
6 72 38 80 56 368
85 86 9 69 66 758
70 97 13 21 63 271
53 8 55 83 20 362
69 47 14 46 77 296
34 70 92 22 89 314
35 30 86 2 28 579
9 67 64 90 82 738
16 100 84 36 23 706
20 100 66 76 49 366
81 93 43 58 30 487
22 81 25 62 91 654
92 73 92 50 20 430
91 76 12 61 89 268
6 92 70 22 27 623
74 91 95 91 61 348
62 97 78 98 15 459
44 5 64 37 83 457
70 33 44 42 74 516
18 76 61 3 42 637
30 41 58 59 25 665
47 79 30 48 15 645
26 56 39 99 28 349
48 46 17 95 7 451
61 54 95 45 56 433
16 54 46 38 52 380
40 1 65 32 58 541
36 88 13 91 36 605
22 48 24 62 97 646
