5 50
97 1 70 94 46 1221
12 90 45 21 32 1315
99 69 88 91 52 302
59 71 85 8 56 658
29 78 78 51 30 1085
92 39 8 93 15 676
94 98 76 66 6 547
40 69 48 94 72 226
3 71 57 47 78 236
55 79 79 4 39 1440
40 7 4 23 40 1128
21 11 69 14 97 1205
52 37 25 53 75 99
6 56 14 6 75 1512
76 86 4 27 79 1466
88 11 25 55 95 381
56 78 77 19 25 1430
71 39 8 38 58 1175
1 24 54 40 39 842
11 64 4 86 33 863
69 74 84 33 40 803
75 64 19 29 100 114
70 63 18 29 71 902
59 51 67 65 73 752
32 23 94 54 72 1429
5 50 26 16 25 904
69 82 65 21 81 251
45 2 3 44 74 818
29 76 62 58 52 423
57 10 97 67 17 164
57 91 88 72 95 156
19 98 43 88 96 1275
18 7 38 47 22 121
18 49 44 87 39 790
15 51 70 10 18 437
45 62 44 78 71 1115
48 24 67 92 39 144
94 30 87 83 22 499
31 47 91 40 60 894
84 62 67 79 4 793
34 64 73 56 62 703
21 42 73 26 81 141
23 90 91 81 31 849
94 29 20 29 98 169
35 11 42 53 70 340
51 66 55 58 59 374
20 51 56 97 46 619
27 77 89 17 7 297
29 72 61 98 20 554
50 37 98 73 94 454
