5 50
8 85 74 40 1 1826
28 37 91 17 12 1446
31 10 20 58 17 1177
54 33 52 68 1 933
36 4 41 22 16 1043
3 26 73 2 4 759
76 17 62 17 33 409
61 29 70 39 2 1873
23 44 74 55 5 396
92 59 98 85 13 1120
26 66 9 83 89 533
24 54 45 57 99 1864
78 96 52 11 51 1428
88 47 4 25 36 675
15 90 26 85 87 1451
48 29 100 92 11 1473
81 41 87 24 98 895
50 46 77 100 39 1917
93 12 72 37 15 1990
28 79 78 2 76 1522
94 42 3 97 66 768
39 57 91 75 50 1674
35 55 20 83 96 779
64 68 48 39 28 1753
80 7 67 12 7 1655
9 57 54 83 3 1141
35 81 50 59 19 2046
6 51 78 61 82 492
78 93 85 72 5 1912
56 56 1 57 43 2065
69 29 49 71 35 2109
60 61 7 41 52 473
61 51 81 80 31 1718
12 16 45 17 10 1125
62 45 24 74 41 1775
82 38 53 28 47 1330
59 17 43 84 27 1929
24 72 10 25 14 1736
7 98 50 78 93 367
68 51 9 90 23 1814
73 10 21 98 44 1189
86 48 79 18 28 2042
28 75 48 38 10 649
74 69 30 83 49 506
38 35 69 77 83 1935
43 86 29 8 82 603
76 23 85 64 18 1028
59 18 43 22 9 309
13 9 99 84 46 843
100 93 19 61 21 987
