5 50
74 76 29 34 37 2177
16 23 2 26 91 2041
47 45 40 79 20 1527
87 58 96 33 8 1577
45 6 96 39 33 877
54 16 42 74 80 556
89 84 60 72 27 757
29 15 33 33 21 948
45 76 1 88 48 618
41 81 87 45 88 2212
88 30 81 28 21 1472
10 77 56 14 69 1209
77 80 25 58 1 1093
57 80 29 76 48 1527
95 49 44 93 78 422
1 17 89 27 67 1829
85 81 57 93 17 1124
79 90 90 34 2 1861
93 75 14 97 79 712
94 39 52 47 9 2328
44 22 17 83 59 1886
90 61 96 75 37 1545
39 51 32 8 100 1506
33 7 94 42 87 1783
98 67 89 10 59 1732
35 75 14 4 33 2251
97 29 71 20 34 742
14 11 67 40 30 737
46 6 48 21 52 929
84 27 28 37 68 866
74 42 14 45 77 545
68 54 93 24 34 845
38 59 70 90 77 1812
40 3 95 66 43 1755
79 34 19 84 83 1295
95 35 51 12 36 461
25 36 69 86 75 1860
50 78 25 38 48 956
35 64 3 48 81 772
39 15 18 71 4 1738
9 95 47 57 84 1627
63 28 45 44 63 411
7 92 25 71 73 1442
15 87 15 79 95 754
82 76 67 78 38 2271
98 87 1 99 64 1511
47 19 41 47 92 965
85 26 70 21 41 877
94 1 5 45 84 904
81 19 18 76 92 1641
