8 50
18 22 76 48 83 47 70 87 1932
19 49 35 3 93 93 20 63 2123
4 53 34 74 82 13 38 65 1748
3 31 65 94 24 78 19 42 1978
58 94 62 55 42 64 74 46 1971
62 44 41 83 97 6 36 7 1779
11 93 44 37 99 8 86 28 1759
26 11 71 79 57 94 45 26 1851
37 37 18 68 8 12 98 18 1888
27 43 98 19 95 32 13 40 2123
41 11 72 86 62 83 50 10 2091
62 87 62 84 43 48 75 63 2049
64 45 71 92 60 14 59 37 1814
25 70 27 40 100 99 55 3 2152
2 47 57 98 36 28 16 43 2024
67 75 84 22 32 14 66 38 1722
10 67 39 6 19 28 80 67 2069
96 29 4 13 99 3 6 28 1853
27 58 24 21 67 69 41 53 1743
30 72 42 17 51 6 15 26 1866
39 100 88 95 55 9 84 61 1933
40 8 57 47 24 36 77 66 2120
11 78 54 10 78 56 49 85 1749
98 56 20 96 4 30 15 28 1846
80 90 7 87 11 45 98 27 2155
54 47 66 89 19 90 18 30 1800
46 97 76 30 5 15 4 46 1854
84 88 93 27 8 96 69 32 2069
84 99 72 81 80 25 19 100 1917
29 95 31 32 41 89 47 55 1958
85 81 9 52 92 96 69 98 2006
22 12 91 24 25 10 48 21 2072
35 33 42 17 28 31 47 37 1970
17 22 39 3 57 89 21 34 1928
71 52 24 85 64 53 13 25 1844
83 57 24 100 62 14 91 63 2208
78 90 35 12 69 52 54 53 1921
99 46 99 43 80 14 95 50 1827
16 73 12 16 93 69 45 40 2013
24 93 93 82 68 11 7 92 1920
52 41 49 22 63 36 11 53 1890
50 29 35 28 64 85 67 12 1844
21 27 18 38 21 96 67 43 2083
70 82 86 35 9 37 44 21 1836
57 10 73 42 45 36 64 100 1754
6 25 63 45 48 88 67 16 1953
85 48 38 51 10 14 27 25 1923
70 26 75 66 56 64 18 65 2148
21 37 79 9 95 62 55 15 1884
32 60 14 19 41 9 96 85 2184
