5 50
42 96 70 46 78 1328
81 3 17 59 26 1490
16 63 56 67 80 2266
13 39 76 30 96 2403
39 44 35 72 17 2499
45 39 69 38 1 1577
74 80 78 80 5 1947
54 76 71 93 5 2343
84 53 59 15 97 2644
8 33 11 4 86 2908
96 52 77 21 54 2082
73 97 87 66 63 2921
48 46 37 21 99 2723
62 63 78 80 72 1840
91 74 69 52 3 2988
85 91 42 16 41 1341
60 30 8 26 18 2454
60 57 44 33 93 1244
77 35 59 91 66 2420
94 79 58 88 70 1966
96 96 20 52 58 1498
46 36 38 29 85 1460
32 6 53 64 87 2074
87 34 74 59 28 3020
25 14 81 58 43 1839
5 80 97 68 36 2581
3 58 58 59 93 2011
60 12 81 81 21 1339
5 24 14 74 41 1225
68 89 25 29 83 1364
5 25 62 20 21 1172
15 40 28 88 64 2779
68 84 1 19 36 1375
44 78 49 73 51 1041
43 54 38 85 50 2127
74 35 5 45 99 1359
4 71 22 68 74 1661
69 22 34 90 68 2625
58 19 30 9 86 2641
5 33 8 70 27 1626
35 73 93 6 83 1484
58 51 57 90 60 2908
96 21 57 61 35 2592
12 79 2 12 92 1449
66 68 76 80 18 1529
72 65 78 81 43 2294
17 71 68 19 48 1353
23 30 8 54 11 2274
84 69 85 8 57 1174
47 55 13 7 18 2852
