8 50
63 78 3 19 65 36 97 59 2425
4 12 72 62 60 64 96 3 2436
100 85 90 45 45 93 58 100 1851
39 4 79 25 37 18 31 22 2108
62 76 48 65 81 35 69 50 1860
25 29 49 83 73 27 1 68 1552
27 83 17 39 38 39 32 97 1928
2 25 3 30 83 48 71 10 2095
64 15 86 81 65 65 20 63 1808
35 48 25 27 67 94 90 5 1507
1 17 92 31 58 94 92 89 1429
45 97 26 87 2 2 79 83 2063
52 71 80 70 28 12 44 40 2485
37 43 8 91 74 25 67 91 2068
46 49 32 3 18 88 78 88 2553
64 92 91 92 39 1 50 8 1491
55 20 63 97 78 82 90 58 1457
51 16 10 98 54 1 23 82 2293
92 1 52 30 21 31 46 77 2245
99 46 11 24 37 11 70 90 2009
76 34 3 77 52 57 93 8 2442
42 5 79 93 64 12 68 69 2278
53 99 42 10 99 17 76 44 2012
71 63 70 60 64 53 9 76 1772
35 57 40 55 77 75 75 48 2276
12 45 34 80 51 4 68 21 1583
85 66 88 64 81 89 63 58 2348
75 11 88 63 17 28 24 87 2363
24 57 14 30 81 51 42 14 1829
20 4 64 50 27 99 36 77 2165
54 54 19 35 54 70 61 23 1984
19 91 88 90 87 82 91 19 2401
20 75 36 27 81 16 55 83 1452
91 13 61 55 65 75 12 54 1715
74 86 31 96 70 2 72 86 2633
24 1 64 20 62 85 42 7 1853
6 13 24 26 59 56 30 38 1861
71 42 17 5 100 50 83 7 1862
36 16 24 38 74 8 21 100 2658
85 75 10 90 23 79 57 28 1581
46 41 24 34 26 98 99 69 2104
11 86 31 29 24 66 95 33 2589
9 27 65 78 73 24 83 25 2537
14 7 95 28 45 98 39 29 2014
81 25 61 11 51 54 50 73 2112
44 77 5 86 98 10 74 4 2625
72 71 64 91 35 6 24 64 1813
96 31 19 17 68 53 13 39 1914
30 35 91 79 100 56 86 24 1547
45 44 41 54 5 49 37 27 2225
