8 50
92 99 29 52 27 40 15 54 463
4 60 30 50 38 36 61 7 403
54 21 77 26 69 34 4 21 717
21 26 47 5 81 8 94 35 264
80 53 63 51 27 80 97 89 278
86 47 33 55 96 58 47 31 285
54 26 55 73 82 36 54 32 713
68 33 51 81 13 88 9 55 580
22 18 63 65 87 97 89 33 701
49 100 40 3 20 66 85 53 751
85 10 38 44 7 78 30 31 762
72 82 51 54 95 98 92 58 597
31 86 71 15 3 22 19 62 404
24 47 95 96 26 77 59 79 286
95 61 87 83 36 16 69 44 638
49 76 86 34 51 23 52 44 425
88 42 33 69 58 64 28 17 616
16 7 28 56 46 74 34 80 634
63 92 88 19 80 75 46 25 650
50 49 20 83 92 87 71 86 485
74 26 81 48 26 35 31 68 758
29 89 73 81 35 22 17 55 318
42 38 59 58 68 23 85 68 260
37 18 49 75 84 21 48 50 689
12 69 13 82 93 90 93 24 368
70 29 22 57 3 88 92 42 335
89 28 12 93 52 36 55 24 345
64 33 30 69 45 98 56 69 389
25 28 55 89 4 57 16 21 764
53 46 57 15 76 81 24 72 328
26 78 49 33 68 60 66 49 561
32 94 79 73 76 65 17 12 458
4 83 27 67 23 6 90 32 532
56 92 64 71 67 85 88 45 565
13 63 76 65 4 86 45 63 288
4 60 6 6 5 7 26 9 637
78 1 75 98 65 10 43 55 548
100 4 50 21 12 91 72 93 755
20 48 53 28 71 76 57 50 645
86 52 53 10 72 51 27 58 592
83 78 45 45 68 56 81 96 272
5 78 20 45 94 96 72 44 696
41 24 34 44 99 34 20 62 426
80 74 55 4 8 2 73 21 271
19 31 73 83 18 65 58 85 454
27 33 5 3 91 71 1 30 472
86 36 9 16 70 73 89 47 610
63 93 41 92 31 100 31 96 272
58 4 57 10 60 72 74 56 271
62 82 33 75 93 29 10 11 741
