5 50
87 84 5 15 49 1645
32 81 49 60 26 1849
14 67 100 51 51 2277
42 64 70 48 74 2294
45 68 63 67 9 2483
2 89 85 86 77 2867
48 81 70 74 10 1690
88 29 27 40 16 1764
93 49 76 45 100 2281
28 16 50 71 48 1663
56 43 62 90 81 1997
93 16 74 51 97 1538
16 26 68 13 80 1768
87 98 49 77 73 1927
15 8 28 93 55 2490
1 71 67 26 32 1687
79 38 62 45 100 2741
75 67 89 41 51 1620
21 42 62 32 54 1980
48 47 74 45 89 2095
47 48 46 64 73 2060
94 34 78 10 40 1764
86 89 67 86 47 2771
30 24 53 85 44 2794
64 86 100 45 83 2883
13 90 25 6 17 2356
66 25 51 35 92 1878
65 80 20 67 45 2546
72 71 91 68 95 2754
78 27 10 93 71 2127
22 97 42 97 92 2308
18 68 64 11 61 1558
6 27 79 60 59 1904
41 67 31 14 39 1888
40 25 9 96 55 1663
18 100 56 54 54 2801
95 56 51 85 78 2736
34 73 96 32 61 2665
43 43 6 21 70 2843
27 77 20 1 89 2058
82 83 83 67 1 1648
67 76 67 97 34 2109
84 18 46 54 64 2679
91 52 80 18 72 2853
83 100 28 68 10 1570
73 96 45 100 71 2183
15 76 73 52 53 2021
11 57 20 75 46 1838
14 22 40 53 91 2150
24 41 37 25 82 2199
