8 50
100 40 25 67 12 48 40 89 1231
13 17 6 67 30 74 70 84 1435
47 85 45 21 61 11 52 85 1040
48 22 60 88 6 5 97 72 1018
59 80 47 41 19 63 39 81 1075
92 4 49 80 25 15 25 44 1022
30 46 11 14 57 17 23 67 1297
97 48 13 34 68 42 18 99 1099
74 81 11 77 91 35 37 7 1266
73 10 58 32 80 100 65 23 1269
46 40 76 61 87 41 34 91 1173
67 96 71 94 33 48 64 98 1312
80 22 90 41 16 97 7 11 1386
44 35 62 19 93 84 51 79 1351
53 71 51 13 21 23 20 77 1211
24 99 52 34 5 41 3 45 1252
70 64 3 71 82 68 12 57 1290
76 14 39 37 34 48 97 11 1398
36 50 96 55 36 94 78 29 1020
82 69 90 80 88 30 3 3 1237
16 2 14 30 17 57 12 21 1239
62 96 76 14 45 95 86 7 1299
63 62 79 65 44 78 31 31 1280
78 53 61 30 89 46 93 14 1016
14 45 100 49 52 99 31 63 1510
19 33 5 78 34 54 91 67 1319
90 98 49 28 25 20 31 51 1148
36 8 87 43 89 46 92 37 1417
48 69 48 26 20 87 18 59 1378
8 15 71 21 51 77 82 7 1223
25 59 33 88 99 92 26 5 1243
32 65 2 43 36 45 85 80 1128
17 97 54 92 57 100 52 66 1448
52 49 97 4 43 71 90 95 1399
95 52 68 94 85 53 93 25 1082
94 29 81 21 46 80 51 67 1352
79 85 31 7 35 16 38 90 1073
54 73 16 13 97 5 8 43 1131
49 58 68 20 44 24 67 28 1024
69 43 85 3 43 78 94 2 1058
72 7 97 67 66 28 10 20 1401
41 36 38 74 2 2 54 15 1042
23 96 95 12 68 77 12 72 1318
62 96 77 76 82 60 50 10 1466
25 32 23 96 61 58 30 61 1294
90 61 21 9 50 75 47 91 1364
37 100 89 44 89 14 25 7 1091
61 11 37 96 25 70 16 89 1488
53 47 82 54 2 18 26 31 1170
33 12 1 4 5 63 28 100 1445
