5 50
71 83 97 100 77 358
61 49 38 35 36 564
82 19 76 79 46 461
68 94 77 59 17 661
41 42 26 14 15 677
50 93 57 26 37 361
46 23 36 42 45 336
55 87 35 12 54 614
99 18 32 4 67 383
77 55 25 21 91 670
100 59 59 14 66 378
39 83 79 5 22 396
83 52 93 78 48 274
29 12 46 66 62 312
42 2 61 100 8 693
74 86 69 26 60 394
13 52 12 44 37 510
25 54 80 65 17 335
58 52 42 62 82 382
76 9 74 63 12 362
62 53 25 91 17 271
51 24 70 40 50 539
27 31 89 92 26 576
73 74 13 33 38 537
98 84 55 32 45 496
38 21 45 95 43 467
28 77 52 71 95 436
36 8 40 5 88 749
34 2 45 67 82 609
75 12 33 55 1 752
1 81 61 96 2 264
2 91 100 73 20 646
56 98 43 62 76 326
30 42 98 53 65 422
38 11 35 52 22 544
42 99 29 36 5 284
70 57 72 88 14 392
37 41 61 13 52 272
55 41 94 69 14 739
7 28 57 40 72 692
48 28 53 88 35 494
12 80 100 96 50 517
75 92 62 100 15 597
76 25 55 49 97 447
66 46 72 93 52 362
83 83 47 6 28 500
86 99 6 92 12 603
82 22 75 36 29 347
73 99 5 91 8 445
64 85 72 43 67 637
