8 50
86 59 58 86 87 93 67 69 1142
95 82 12 54 5 37 67 69 1275
86 74 42 23 65 35 80 37 1504
100 87 61 18 63 45 12 70 1987
81 68 38 59 93 89 42 76 812
47 94 37 9 39 18 90 26 1744
72 45 88 59 97 2 22 24 1041
16 30 20 76 64 46 13 12 982
33 20 16 49 13 17 98 65 969
21 27 44 50 40 45 5 27 1378
59 3 35 80 2 73 31 24 1853
18 45 73 94 16 21 21 97 299
49 9 66 59 62 61 81 99 1438
57 47 86 78 100 2 81 27 1455
79 79 75 74 5 27 22 47 571
19 53 10 2 39 33 61 6 1088
18 78 94 63 8 95 82 92 977
5 4 15 96 33 35 68 99 1299
3 22 96 1 89 4 62 47 1347
71 26 14 9 10 10 46 7 1340
59 76 7 3 84 61 76 78 1889
18 22 15 46 45 22 32 3 1079
7 18 19 52 63 44 69 1 368
33 42 33 23 97 9 62 20 1241
9 65 5 28 74 26 89 78 1427
63 4 35 2 32 99 87 19 1559
80 37 30 97 91 76 6 9 1859
69 27 19 20 91 13 83 49 1031
71 20 28 17 22 51 56 100 462
5 62 25 46 79 28 99 79 1529
46 27 51 66 60 59 21 87 1585
56 84 52 48 73 2 100 89 1091
26 94 76 60 26 59 69 4 403
59 24 31 23 33 71 47 70 610
4 10 96 64 50 82 10 71 1079
42 30 44 58 50 49 12 86 2173
94 82 85 43 81 34 64 1 1202
75 95 99 24 59 16 58 65 311
99 24 51 67 99 92 17 84 1297
46 55 11 71 19 89 77 38 1927
2 60 51 27 33 92 25 61 1780
45 54 43 100 85 77 78 56 2197
75 49 98 82 32 33 70 72 1337
1 66 61 11 99 18 62 30 1623
87 48 10 72 54 38 24 34 973
34 97 6 78 26 100 34 87 2016
23 43 87 59 36 45 45 61 704
6 44 74 38 3 28 51 1 699
56 11 58 46 42 43 9 61 915
18 60 31 20 55 56 66 26 1070
