8 50
54 85 95 25 88 34 79 40 548
68 77 81 46 42 80 26 44 614
9 96 14 37 95 4 45 84 627
59 38 5 80 99 94 80 79 453
33 16 100 95 20 91 56 26 735
94 15 4 65 33 63 56 11 504
51 60 25 22 58 92 52 3 417
64 94 79 38 10 57 49 33 381
39 75 66 25 20 56 91 4 285
25 11 35 53 82 48 6 1 324
95 51 40 56 41 96 6 87 697
6 40 81 59 19 66 15 9 628
100 1 33 43 95 34 69 20 713
61 25 57 8 33 4 100 70 644
74 70 22 57 11 9 26 28 496
37 75 97 77 78 63 56 61 669
15 55 42 94 75 100 17 76 437
5 68 22 72 46 3 7 2 508
20 41 20 58 22 95 48 14 319
81 28 73 46 58 54 34 40 735
54 57 92 4 38 7 43 50 526
98 44 7 39 68 60 74 18 512
37 11 80 80 48 89 16 70 259
62 14 20 97 17 59 48 97 431
19 50 43 47 17 78 96 77 663
17 19 51 48 100 32 58 100 697
64 21 13 85 14 71 55 46 500
7 74 39 13 65 39 47 18 438
55 34 20 13 68 78 6 29 370
39 42 54 91 98 14 29 97 354
79 99 55 91 68 26 32 99 267
82 40 61 60 67 94 22 82 365
70 71 70 44 95 46 48 74 517
51 92 13 71 2 43 1 26 699
60 32 70 29 9 14 27 82 333
53 67 46 17 38 95 9 73 735
47 38 41 58 57 63 39 16 541
36 67 14 14 4 98 2 33 468
56 96 51 42 91 34 33 77 444
93 100 15 48 84 26 25 3 545
36 78 74 97 35 17 77 55 628
17 27 48 55 52 28 66 100 447
87 28 54 96 84 63 17 70 543
74 42 82 65 28 41 60 84 280
91 53 36 12 61 67 37 23 412
19 53 88 14 45 61 11 69 704
40 20 93 66 17 13 27 7 669
7 22 94 60 45 1 88 64 643
69 83 23 71 87 82 40 20 454
6 17 80 91 36 28 29 54 653
