8 50
49 73 71 45 20 100 49 83 352
93 7 10 75 17 70 34 95 516
41 25 2 75 41 23 50 92 409
32 85 14 71 80 76 71 75 585
35 24 41 26 81 85 95 91 585
44 31 86 15 26 72 29 21 552
38 44 68 53 54 34 4 7 280
31 18 27 37 69 30 84 16 504
92 72 13 71 79 4 71 70 511
56 94 30 21 97 11 5 1 621
66 9 76 73 43 60 65 25 529
75 70 11 47 96 21 86 48 264
17 59 63 78 61 74 22 9 720
62 94 41 50 78 8 31 86 686
85 100 10 40 76 13 12 31 433
76 99 64 82 13 85 28 1 324
96 4 50 27 20 76 32 20 749
21 78 73 5 26 77 8 57 450
84 45 74 70 37 9 99 64 394
74 40 96 94 85 58 36 35 668
52 79 56 71 58 20 85 34 440
53 41 64 91 76 4 11 17 648
41 24 23 50 19 92 44 85 666
6 12 72 78 87 4 32 63 368
94 36 79 65 93 88 73 11 439
43 93 75 59 44 72 19 27 255
39 29 2 45 57 74 40 49 392
68 53 12 3 72 23 81 61 263
64 11 72 78 84 23 51 100 444
34 29 82 95 55 60 43 70 344
11 72 39 22 4 99 11 69 416
82 46 56 44 71 79 79 88 504
33 89 43 82 36 69 16 77 632
30 57 52 95 80 86 68 23 323
27 77 18 26 18 12 20 45 261
70 91 60 50 60 37 29 100 565
97 100 16 92 100 1 32 70 618
31 1 3 32 99 93 46 49 300
14 85 7 41 5 51 37 36 380
79 4 3 12 59 91 69 75 461
81 29 71 29 68 93 67 33 342
2 33 73 14 73 61 1 41 338
28 18 29 58 17 25 28 27 640
18 49 50 95 69 35 5 46 332
40 4 39 20 81 20 61 45 369
62 45 87 92 72 66 25 43 560
54 49 26 10 80 75 34 89 608
57 6 85 3 33 31 50 8 536
55 74 73 2 57 54 17 76 366
32 41 21 27 83 52 13 94 644
