5 50
27 13 39 83 40 179
33 40 26 55 81 734
41 7 96 87 68 1095
14 56 63 29 66 961
40 48 82 36 10 800
20 2 68 91 51 254
64 82 3 72 85 751
73 98 11 69 86 164
96 6 70 69 3 775
83 79 64 92 46 963
56 24 79 31 93 466
19 31 98 40 30 791
86 85 63 8 20 743
69 90 76 98 93 253
49 72 49 11 93 956
13 52 80 84 56 12
42 99 14 90 66 430
21 45 72 5 87 65
76 42 50 51 83 1113
38 36 28 74 55 1217
41 9 17 66 29 962
16 83 3 45 94 748
18 1 69 85 58 180
84 32 13 71 87 933
35 33 36 41 67 32
55 9 74 90 93 1128
97 50 24 56 32 656
78 66 52 91 16 946
84 81 14 100 87 662
62 20 6 41 77 946
26 90 76 62 24 322
74 53 99 81 55 1026
66 59 94 86 42 273
38 16 11 7 80 707
74 35 67 65 23 781
87 91 33 6 97 660
21 47 91 31 98 333
91 54 97 60 96 274
98 74 36 43 73 542
58 26 26 74 66 358
75 72 31 92 96 516
38 22 89 25 93 993
25 80 1 100 37 254
57 20 56 7 50 706
4 22 48 25 84 1058
18 51 78 2 98 138
40 2 84 92 100 282
96 34 31 46 95 601
50 87 36 20 7 1063
44 90 45 74 45 774
