5 50
41 81 49 100 16 1310
39 79 47 17 30 896
67 52 34 15 36 817
63 88 45 75 10 949
29 85 5 50 60 23
26 71 99 80 87 1226
23 6 6 7 53 1295
27 29 77 7 15 1404
100 50 67 43 55 181
88 63 26 86 37 693
57 67 79 91 55 805
95 68 89 45 50 1083
36 9 45 31 78 300
55 68 89 38 3 456
18 90 53 54 50 1426
83 99 79 47 74 698
23 83 1 40 97 621
29 73 59 26 60 759
10 21 17 5 65 32
85 77 85 40 5 341
8 11 56 1 46 1127
42 4 63 17 98 970
36 56 83 51 95 106
50 72 58 69 99 374
85 63 84 88 77 272
38 13 57 88 6 1416
70 68 82 26 1 332
100 21 98 7 52 184
65 94 81 8 82 96
57 15 27 71 69 383
60 62 66 74 66 1445
76 83 4 62 99 1237
22 8 73 13 16 1420
8 36 30 37 86 246
17 22 15 47 72 50
25 29 66 25 11 620
2 88 62 85 12 965
81 11 9 76 31 812
84 14 52 96 59 227
82 78 82 46 56 910
91 90 51 19 16 1404
66 63 24 59 92 1384
4 45 25 6 31 274
63 63 24 60 54 230
79 14 54 34 76 1369
95 18 56 81 34 461
56 69 33 6 9 1085
2 63 97 51 49 63
72 1 89 50 5 333
43 22 17 19 91 101
