5 50
62 38 25 76 47 2551
46 62 46 9 35 1350
33 66 80 76 98 1706
60 22 57 76 90 1503
36 4 17 74 34 1593
18 29 46 24 11 1439
75 60 61 67 79 1874
36 35 22 67 27 1942
79 43 21 93 42 1472
40 25 51 47 17 1434
59 25 36 2 91 2548
81 16 45 95 37 1888
99 45 48 97 27 1601
67 53 1 92 91 2198
20 1 55 87 58 2259
66 51 62 86 8 2084
73 52 65 56 45 2515
63 76 21 72 1 2474
77 37 48 57 15 1406
49 26 39 41 41 1868
63 32 69 48 69 2082
36 97 56 87 6 1911
81 88 84 94 22 1683
47 59 25 50 21 2305
6 70 45 95 81 1995
14 20 76 34 77 2250
44 48 59 40 17 2114
15 62 91 56 28 1598
19 20 29 23 46 2335
39 65 53 99 11 1721
39 21 63 72 37 1870
18 97 42 58 80 1635
37 15 30 43 84 1523
29 53 27 85 55 1516
27 65 45 64 40 1903
84 69 51 99 55 1515
20 20 60 30 70 2070
23 62 39 93 9 2326
14 4 69 43 6 1611
98 39 26 21 16 2568
70 23 36 12 28 1581
50 36 84 40 90 1467
96 25 66 42 17 1606
36 64 3 32 82 1549
27 97 25 62 74 2492
27 46 48 14 7 1508
49 21 93 97 81 1880
4 21 2 34 43 2443
91 52 100 90 45 1614
8 30 94 24 97 2025
