8 50
65 95 59 63 42 51 20 74 2074
44 56 32 57 24 91 9 47 1849
78 78 2 2 13 54 31 21 1780
32 57 18 36 68 61 93 51 2081
66 64 17 49 18 14 94 91 2148
20 87 48 2 74 25 98 29 1803
30 34 80 14 5 82 2 79 2226
4 80 19 44 95 73 68 19 2213
95 73 2 94 76 72 21 76 2000
3 8 73 59 87 29 68 86 1882
3 49 42 51 99 10 58 65 2247
79 100 18 1 21 71 20 2 2017
41 20 18 20 87 39 87 86 2026
44 17 99 18 28 67 93 57 1915
39 19 58 26 14 73 81 24 2120
48 33 21 40 10 27 99 7 1947
35 67 36 64 84 74 69 85 1828
43 48 85 19 24 47 63 55 1961
28 8 1 10 62 25 72 8 1899
48 95 9 49 19 25 75 20 1811
53 41 34 28 62 53 95 12 1951
40 64 97 34 96 66 27 31 2089
2 77 15 29 84 33 55 8 1994
26 35 62 75 35 65 5 62 2161
20 1 54 36 41 4 80 47 2057
92 97 65 18 95 94 17 14 1839
4 48 48 71 51 13 37 25 1830
10 63 99 23 71 100 28 63 1874
31 41 45 100 5 99 94 75 1770
95 42 62 87 97 92 53 71 2180
22 82 47 10 27 65 16 67 2166
68 60 42 84 69 24 78 31 1773
34 52 27 90 67 62 91 24 2240
91 29 92 14 10 32 38 11 1956
92 36 33 79 36 69 2 76 2246
53 71 81 47 100 54 33 41 2068
17 58 84 5 98 33 44 29 2162
38 85 98 99 35 71 33 82 2138
91 100 62 36 67 90 32 47 2075
88 38 77 83 29 55 31 46 1918
49 47 43 95 35 100 17 99 1994
99 2 94 25 35 11 82 7 2128
10 96 26 29 35 38 94 6 2062
81 39 62 29 82 1 26 42 2155
73 7 97 69 73 99 22 49 2204
55 40 62 73 98 74 17 83 1916
49 78 89 62 16 10 27 54 1907
81 48 35 72 46 90 59 60 2027
50 26 10 62 68 83 26 68 2055
24 23 19 10 45 94 58 13 2053
