5 50
83 23 72 15 61 2200
43 29 45 56 97 1958
4 79 75 39 56 1841
61 47 97 80 2 1875
54 63 9 7 65 1835
47 77 10 55 82 1855
45 85 83 41 28 1771
61 9 7 25 40 1796
74 46 5 54 98 1976
35 54 15 65 42 1962
35 32 48 9 13 2130
52 41 28 29 25 1784
69 92 96 95 17 1973
72 67 12 11 93 2153
54 49 70 85 83 1799
83 89 18 75 18 2178
41 96 37 2 96 1774
28 6 10 12 78 1760
27 18 95 22 57 2120
76 13 58 26 23 2046
16 72 61 35 86 1758
21 7 91 72 41 2146
90 39 14 57 15 1985
56 59 77 47 90 2066
82 51 84 50 81 1846
51 5 97 25 57 2034
21 95 55 80 23 1938
19 53 80 97 73 2212
20 50 77 9 88 2167
39 49 48 36 6 1956
70 88 80 42 62 1983
85 20 31 51 81 2204
71 7 27 31 68 1806
21 23 40 68 1 2173
93 66 12 62 14 2233
46 96 40 38 35 2203
8 36 73 27 69 1761
99 9 98 15 74 1911
77 45 99 66 6 2092
80 40 62 16 35 1863
54 4 23 13 8 2034
26 18 30 29 74 2133
68 20 65 84 29 2006
20 66 18 67 70 1831
15 96 65 60 79 1894
69 32 62 1 74 1977
89 95 27 61 99 2001
67 77 53 41 94 2127
43 36 77 8 77 2151
100 10 70 90 11 1897
