5 50
27 24 83 28 37 2044
37 21 86 9 100 1551
94 38 89 47 60 1366
29 60 42 59 61 2426
100 52 39 42 54 2312
92 83 59 70 14 2481
43 63 64 23 64 1532
67 88 15 10 36 1904
78 2 62 74 89 1994
33 65 87 32 33 1441
15 24 29 36 72 1498
51 58 71 65 20 2074
38 16 82 13 77 1380
1 66 40 14 36 2113
94 26 96 40 39 1886
78 70 92 66 38 1941
100 3 69 18 91 1498
55 8 7 72 2 1363
50 26 64 54 5 1658
52 14 4 74 16 1626
65 40 44 59 15 1869
50 2 7 83 68 1784
93 87 75 74 17 1344
14 25 82 87 75 1675
27 82 10 56 72 2260
22 96 97 49 62 1609
92 38 72 99 6 1842
27 48 53 50 28 2362
53 69 12 30 65 2203
48 7 61 15 20 1778
21 42 52 53 35 2390
62 27 42 37 20 1529
56 17 48 23 40 2533
85 94 15 70 51 1651
34 14 22 67 92 2340
18 7 43 7 10 2031
26 4 25 89 65 2263
76 3 74 40 40 1622
83 20 67 99 18 1807
31 87 30 57 31 1795
82 29 89 45 5 1423
6 37 28 96 97 2130
73 26 97 72 21 1816
83 84 96 12 89 2058
35 39 57 49 8 2000
15 65 57 79 6 1605
14 38 14 56 72 1994
8 98 23 23 60 1665
56 25 76 8 80 1614
59 59 53 89 35 2309
