8 50
15 40 27 50 98 80 17 32 2605
1 94 61 57 82 11 67 19 2540
47 75 27 40 73 20 18 75 2563
25 28 33 43 56 88 81 3 1973
32 90 23 90 5 57 65 44 1608
73 100 6 16 28 39 86 39 1498
46 88 73 53 66 89 19 18 2068
15 37 60 84 5 58 75 51 2153
23 35 84 93 22 77 90 56 2504
56 54 29 40 30 100 48 81 2448
83 35 10 4 18 90 87 37 2131
5 23 89 81 15 81 40 33 2017
95 46 85 19 86 21 81 7 2428
67 65 90 13 97 63 50 17 2517
73 56 8 91 1 31 15 60 2335
39 18 52 36 46 66 36 61 2190
41 68 82 100 73 93 50 15 1778
74 21 25 83 77 48 15 63 2338
21 36 7 40 54 75 1 31 2385
77 93 58 12 61 48 19 27 1701
73 88 7 60 23 52 3 47 1654
33 77 51 66 82 2 31 87 2619
83 31 97 45 58 15 32 74 2696
35 92 94 72 29 52 6 76 1632
59 67 5 28 20 86 78 55 2055
52 70 91 7 32 29 10 74 2562
67 72 76 65 93 30 93 97 1481
48 72 92 14 18 94 8 94 1664
51 72 63 26 43 68 38 35 2499
58 71 17 52 14 23 29 86 1844
68 96 91 92 11 25 95 24 2614
38 93 60 1 68 13 97 22 1518
20 12 17 79 14 34 76 71 1961
68 29 46 46 85 2 91 40 2023
72 82 63 14 68 28 10 27 2684
79 86 23 25 55 74 42 53 2554
92 35 76 12 55 39 46 91 1892
82 64 69 66 9 42 28 65 2147
77 83 27 23 19 58 74 94 1984
32 64 13 78 58 96 70 85 2698
45 64 99 11 59 32 62 76 1942
88 39 94 55 14 76 33 39 1718
72 91 95 71 26 91 16 29 1891
44 6 4 88 58 91 42 44 1652
12 96 86 66 53 85 4 52 2473
26 91 70 20 68 27 93 24 1631
33 41 23 14 51 29 27 85 1638
17 37 90 79 43 29 72 60 2043
76 34 18 96 71 24 75 64 1468
91 95 92 35 42 8 24 30 1555
