8 50
45 55 99 5 74 40 30 7 1481
76 77 22 90 39 63 8 63 2755
38 73 73 53 19 24 27 46 2191
93 4 98 87 18 24 57 49 1617
98 87 39 20 27 40 35 52 1315
79 16 34 61 87 62 83 39 2495
77 11 48 44 4 70 53 8 1496
18 61 21 20 47 34 95 19 2188
85 1 33 67 51 39 63 90 1378
29 10 79 38 72 85 41 69 2229
58 83 16 60 81 71 6 92 1307
60 19 9 47 82 45 50 17 2939
81 81 22 86 94 88 63 97 1825
16 53 36 73 62 54 80 75 1638
33 17 92 29 96 7 30 93 1656
30 60 93 25 5 61 99 65 2356
88 31 22 58 4 69 6 13 1472
79 23 93 63 93 55 60 12 2371
42 56 90 53 63 98 26 63 1097
91 94 14 89 70 22 81 45 2519
81 6 20 73 25 36 89 43 2694
1 53 43 15 29 82 94 57 3021
69 38 70 14 60 100 22 87 1044
53 11 55 87 23 39 89 100 1378
21 84 45 73 69 46 67 83 2907
20 95 58 18 38 61 90 84 1603
18 13 33 8 65 36 97 40 1745
43 56 5 12 14 26 6 2 1300
18 27 32 38 49 27 85 87 1705
19 21 9 34 84 60 75 63 3021
5 22 19 37 89 3 60 62 1532
37 96 24 67 58 65 9 52 1409
97 83 94 31 71 75 11 45 1291
66 22 49 41 64 13 6 26 2834
30 89 39 87 72 65 6 85 2013
59 81 51 100 99 77 29 77 2487
66 58 15 88 44 21 4 36 2911
41 12 2 27 72 58 58 64 2873
42 61 50 17 58 58 92 74 1768
49 17 95 39 17 18 23 2 1791
82 39 18 61 45 38 12 37 2904
44 53 95 55 69 37 100 97 1671
39 4 79 100 18 86 62 48 1152
95 61 75 21 87 79 39 41 1795
15 33 35 11 44 62 45 50 2973
55 98 36 5 52 92 91 73 2062
66 68 31 55 26 88 51 96 2145
38 93 16 61 55 58 12 8 1754
86 5 8 45 15 5 32 9 2081
35 83 70 97 43 71 80 37 2900
