8 50
6 97 17 96 32 24 8 24 288
44 54 51 63 47 54 74 42 431
60 83 3 46 77 23 70 96 544
3 58 2 17 58 82 63 57 1551
16 33 49 22 39 35 56 53 1491
48 49 78 57 11 54 15 59 1536
24 78 31 44 92 65 41 100 1532
45 89 74 59 46 86 19 15 1114
23 24 39 82 24 66 24 32 269
35 46 65 34 71 65 92 32 1864
18 44 94 24 2 67 47 20 1799
47 81 66 86 96 56 100 73 574
25 11 20 3 27 65 3 14 1422
78 56 36 47 55 61 67 1 1164
49 22 30 93 46 61 49 38 1632
41 23 26 8 18 45 87 93 276
35 97 70 3 26 52 17 18 449
73 87 96 40 64 32 35 44 1103
45 10 28 9 72 28 65 79 1409
50 37 18 30 68 76 86 65 1049
100 82 54 16 7 96 54 38 352
35 7 99 73 74 45 20 71 1987
96 74 29 18 74 55 21 35 1488
55 5 86 4 43 57 75 21 342
50 91 85 31 62 44 2 32 1381
44 45 50 26 33 77 50 68 413
11 38 15 85 45 46 3 2 2145
27 71 27 5 11 5 96 63 916
9 47 89 88 60 17 49 65 1117
65 92 33 67 64 82 50 17 1995
29 16 92 25 24 46 97 11 1361
63 6 15 27 15 47 55 94 954
26 30 44 50 41 18 47 37 244
90 32 53 83 31 30 6 7 414
40 26 43 48 20 46 90 32 1016
83 10 79 16 40 23 91 85 1912
37 21 77 99 52 95 49 84 2058
66 82 24 47 39 65 75 97 762
60 75 35 40 88 14 65 35 1933
62 75 60 73 77 49 44 49 1955
5 23 59 33 18 36 5 13 1080
34 81 80 87 32 78 13 49 1099
66 32 50 82 86 66 40 29 1408
69 94 80 18 91 90 49 98 1703
15 4 16 41 66 14 96 2 983
22 33 35 83 29 69 41 93 2085
85 96 87 2 46 59 30 25 398
27 82 81 23 22 54 12 16 1084
78 93 55 31 69 76 7 61 362
49 3 55 98 22 18 41 98 957
