8 50
48 61 79 14 21 56 15 87 2787
39 20 30 35 34 97 70 50 2411
98 13 82 98 81 94 46 64 2567
68 5 23 85 49 32 21 27 2633
77 87 78 93 56 94 94 75 2026
30 66 97 45 81 49 73 38 1859
82 46 29 27 12 65 1 21 1704
90 39 71 80 33 86 62 85 1684
42 36 100 59 1 61 97 52 2302
70 45 45 29 55 91 14 8 2603
74 22 20 48 56 13 89 7 2546
86 66 37 3 16 70 92 62 1836
87 73 77 40 27 87 27 1 2787
69 26 98 83 24 66 45 60 2707
38 5 85 80 70 25 36 94 2527
69 70 91 1 66 72 9 25 2344
33 28 77 21 42 86 73 79 2148
78 76 76 58 57 73 5 64 2458
83 91 98 40 5 69 59 25 2128
30 67 10 100 79 28 63 50 1892
11 63 72 46 11 49 43 53 1696
29 94 75 99 77 53 87 33 1730
32 77 97 64 41 65 62 53 2714
74 73 6 92 48 90 55 86 2526
65 73 5 78 93 88 1 60 2420
62 78 90 73 9 99 7 54 2229
50 85 26 79 19 12 65 69 2769
80 37 27 91 24 59 77 25 1721
84 81 53 74 12 27 95 12 2153
66 59 90 5 36 87 61 53 1471
80 12 67 37 9 96 44 74 2298
76 37 25 98 56 49 5 94 1901
67 85 32 49 84 42 92 64 1969
73 33 43 47 34 41 37 30 1708
46 82 66 15 10 16 26 39 2083
98 86 87 76 82 29 99 2 2806
58 72 94 8 54 21 50 9 2700
25 95 57 34 43 2 38 62 2260
12 20 81 13 11 85 60 49 2050
63 29 6 74 76 44 42 56 2427
81 34 59 11 29 72 39 82 1519
12 39 40 98 32 56 26 65 2757
27 80 62 86 70 1 14 56 2243
98 8 74 71 70 92 3 13 2154
69 59 50 77 10 15 56 24 2630
97 92 3 28 96 76 11 26 2439
46 52 6 83 98 41 76 23 1973
39 69 23 97 54 50 38 96 2724
69 35 97 50 91 55 48 18 1965
29 46 31 68 59 15 58 42 2648
