5 50
70 57 88 38 100 1886
44 96 28 100 29 1836
77 81 38 41 23 1836
58 14 99 34 3 1948
75 65 38 49 61 2075
32 29 63 29 14 1957
94 67 96 18 85 2106
34 3 45 60 34 2191
9 31 42 32 97 2126
31 26 70 54 16 2065
15 11 4 80 73 2198
32 41 38 54 73 2131
51 15 57 17 28 1933
36 99 67 16 19 2198
88 85 61 51 57 2271
81 21 45 4 97 1969
67 12 83 67 51 1801
12 24 29 43 26 2153
88 99 38 75 67 2260
59 16 46 76 48 2038
31 18 58 14 88 1813
93 69 36 9 77 2263
92 16 85 17 47 2105
3 44 92 89 16 2161
29 4 92 50 41 1861
22 64 64 75 100 2260
53 61 16 22 44 2002
77 15 9 19 82 1806
5 21 4 26 37 2117
74 3 28 96 18 1879
62 61 19 68 78 2149
81 29 48 60 61 2217
78 34 86 68 56 2212
48 98 53 93 67 2113
59 75 30 40 46 1773
16 78 7 98 17 2211
90 89 13 87 32 1997
59 78 86 76 81 2174
99 34 63 64 14 2242
98 74 6 38 79 1901
3 48 1 10 50 1790
90 71 33 25 60 1807
70 60 94 32 8 1869
46 76 67 12 65 2024
40 14 64 58 25 2079
54 34 94 42 45 1890
50 50 20 86 72 1926
28 44 63 27 50 2260
89 53 37 82 16 2020
45 87 43 27 97 1788
