8 50
24 69 58 21 38 80 48 91 1850
20 68 79 29 12 12 96 49 1775
39 37 83 28 67 6 5 40 2169
20 62 75 12 53 63 28 84 2104
100 72 99 54 69 93 42 7 2094
98 73 43 79 6 16 69 84 2104
4 62 94 80 67 48 2 56 2110
48 30 77 52 46 52 45 97 1801
56 97 6 78 43 93 76 50 1788
70 38 75 73 20 5 12 93 2175
33 82 98 66 55 9 82 61 1795
2 90 68 41 61 75 63 40 1894
51 17 47 9 2 20 80 81 2215
15 79 86 3 71 8 91 19 1805
52 43 41 75 59 33 13 41 1817
76 14 50 55 58 75 74 68 2055
10 54 77 6 30 51 92 16 1945
10 28 73 66 93 19 16 63 2238
16 10 21 2 19 24 66 8 1968
61 26 84 13 42 64 1 61 2253
15 49 6 33 21 56 50 26 2079
58 65 24 33 97 32 65 84 2061
70 32 91 16 52 22 51 31 2111
6 30 78 72 64 50 10 24 2069
80 23 28 31 81 9 31 12 2160
23 87 7 85 71 5 50 99 1858
92 67 87 28 21 99 74 38 2235
93 15 100 31 17 77 31 53 2095
81 10 92 80 30 80 78 61 1957
1 36 46 74 48 64 25 47 1987
21 97 37 87 67 59 52 76 1989
61 47 29 31 8 85 65 31 2194
48 64 97 99 94 39 77 86 1923
45 73 20 91 7 99 41 94 2231
21 13 17 85 73 70 1 22 2033
46 11 7 52 85 15 20 3 1852
83 88 69 85 51 89 42 55 1949
6 43 58 73 4 68 21 93 2201
88 90 58 53 71 68 9 7 2155
45 44 20 49 44 37 36 69 2037
41 29 78 6 52 30 98 63 2114
60 68 44 59 39 22 94 22 2243
11 22 46 64 1 54 64 52 2160
17 92 81 14 94 24 24 84 2217
43 21 21 37 94 61 69 26 1888
48 58 14 66 93 53 20 53 2046
74 48 83 97 84 26 25 4 1786
82 89 86 52 86 45 34 96 2149
4 79 10 62 20 84 15 54 1835
37 67 92 82 89 77 35 77 1804
