5 50
83 76 92 36 91 1217
79 92 42 72 40 828
43 30 34 35 29 1025
30 66 69 9 25 1007
64 25 90 32 9 1035
33 5 19 36 61 925
84 92 47 38 67 651
73 46 3 58 52 647
88 61 24 37 16 1201
65 22 31 34 62 742
99 32 42 87 3 138
70 33 54 9 8 594
83 33 41 58 72 403
69 21 76 25 65 1236
100 29 86 84 17 1218
22 33 58 45 72 407
74 52 31 44 37 385
98 59 34 71 77 79
13 76 44 93 3 391
8 84 77 94 23 249
50 24 57 67 25 410
18 34 47 37 87 1192
45 45 73 99 82 1064
57 89 35 62 60 1142
94 43 17 16 73 911
73 95 58 32 9 1379
33 59 75 97 33 1415
15 91 6 32 67 109
16 12 94 22 40 399
38 75 31 73 58 216
81 41 95 68 2 411
82 60 32 35 36 1198
52 85 98 29 65 1269
95 28 38 50 1 1467
9 38 93 52 92 561
92 35 78 74 58 888
3 90 11 11 19 1168
75 55 32 62 83 297
10 90 96 2 61 1092
7 48 83 35 46 235
23 30 48 48 30 1056
83 4 57 74 34 452
91 66 93 76 8 409
92 32 61 44 84 619
10 65 25 49 72 919
96 6 3 59 85 1327
41 69 22 26 70 257
17 57 74 53 70 442
88 95 83 11 96 2
83 61 18 82 29 494
