5 50
38 79 71 17 72 2266
53 54 97 20 4 3009
48 69 90 30 63 3040
85 3 63 78 58 2707
83 42 97 56 67 1459
92 88 65 65 30 2736
50 43 19 9 60 1408
17 94 81 25 46 2152
94 98 57 43 98 2442
78 9 90 90 42 2370
1 78 12 42 92 1237
33 15 88 55 4 2933
21 44 4 90 93 2856
76 97 87 60 24 2341
66 98 91 95 87 2668
37 16 36 38 60 1030
24 2 39 77 22 2306
64 9 6 6 75 2005
8 87 40 17 63 1219
94 42 54 87 36 2279
59 9 93 61 46 1802
81 29 51 62 9 2732
95 91 15 73 87 1558
69 17 14 7 46 1373
47 51 4 38 43 2508
21 29 27 99 36 1327
10 90 11 31 45 2145
40 38 5 5 33 2832
51 41 80 72 21 1169
12 75 20 68 41 2213
75 21 94 73 70 2927
26 76 67 66 29 1076
81 1 17 83 73 1040
85 90 30 1 27 1896
15 8 67 40 84 2268
54 80 90 43 1 1107
13 92 20 27 86 2311
45 79 34 88 100 2551
27 28 51 51 1 1986
95 95 8 81 59 1557
82 67 1 48 58 1773
89 24 81 47 69 1979
36 1 51 57 79 2035
53 81 31 6 18 1964
28 4 23 21 52 1850
36 29 16 95 72 1102
98 80 77 61 76 1917
99 36 38 71 62 2911
61 91 78 14 86 2895
22 7 51 14 6 2433
