5 50
39 12 57 92 61 1626
61 19 11 58 42 1623
6 70 65 86 25 1632
94 22 85 53 64 1954
67 93 31 85 82 1373
69 91 80 75 83 2141
99 69 19 25 65 1739
97 57 27 64 11 2271
36 15 84 29 93 2351
32 17 3 10 3 1813
22 31 79 38 46 1481
17 80 71 82 21 1364
44 10 69 47 52 2487
86 65 10 35 81 1865
46 77 16 37 12 2508
54 37 13 32 87 1607
11 21 6 97 9 1507
97 74 83 57 20 1401
12 64 97 31 66 1630
52 23 3 60 84 2531
63 57 1 92 12 1575
29 77 77 21 57 1848
17 92 89 71 35 1641
73 97 48 2 10 1512
58 78 8 14 14 2138
72 6 57 74 68 1386
3 15 50 14 37 1892
29 96 67 17 75 2299
13 53 93 15 36 1776
1 23 69 24 36 1922
55 51 50 62 85 2409
50 51 56 9 90 1901
16 18 39 34 50 2039
80 94 20 66 40 2491
58 64 90 91 48 2424
46 73 43 71 41 1669
17 6 29 13 2 1737
1 12 57 9 39 2147
34 2 14 39 57 1891
86 98 15 51 48 1511
88 50 45 99 75 1429
93 78 69 83 41 1703
67 86 80 32 20 1627
97 36 73 77 31 2064
99 41 42 5 98 2284
72 8 18 35 11 1366
94 62 86 19 10 1848
45 4 46 75 88 1950
7 24 18 72 34 2425
56 28 27 10 8 1940
