8 50
78 8 19 45 49 60 22 86 1364
58 8 84 42 29 1 92 45 1403
42 87 86 74 44 11 41 37 1786
11 12 80 50 26 86 32 42 2236
17 64 65 17 17 44 33 83 2379
37 85 69 15 49 72 21 65 2017
85 70 15 54 73 17 31 54 1751
19 100 26 21 32 24 29 86 2033
18 40 76 88 49 49 14 5 1480
73 91 61 10 24 26 73 23 1800
31 72 14 23 46 2 28 48 1427
76 42 52 66 84 64 39 73 2166
22 64 92 8 57 94 65 41 2104
65 90 29 59 16 31 10 37 1552
60 23 98 20 67 41 39 54 2004
97 13 52 57 22 43 73 20 2218
46 55 10 39 9 40 66 5 2302
14 3 29 73 41 90 67 54 2190
84 100 15 32 63 12 49 42 1733
68 82 84 82 38 72 91 5 2107
36 57 88 63 88 50 10 87 2005
56 78 15 86 5 88 93 54 1864
54 14 6 1 80 67 21 47 2399
11 40 31 77 47 36 66 10 2368
44 39 17 7 35 69 32 33 2297
67 50 5 5 62 44 15 85 2432
59 90 70 10 84 72 99 34 1404
19 68 42 98 83 95 45 46 1902
28 61 10 83 10 76 80 29 1931
90 80 74 63 58 55 1 56 2148
55 87 71 95 92 56 67 69 1552
20 74 55 77 64 12 88 56 1545
78 2 45 83 57 28 78 22 1942
71 19 27 30 19 24 71 45 2405
2 79 2 40 12 34 90 49 1733
14 17 8 66 31 64 67 54 1784
24 39 61 51 8 53 31 92 1524
28 76 98 35 98 96 50 29 1973
96 2 81 45 67 51 79 6 1455
33 22 33 65 8 94 67 11 1927
28 99 59 75 82 54 23 18 1483
14 15 49 50 62 18 77 48 1793
72 50 23 94 71 66 55 1 1556
84 96 85 23 74 27 80 39 2105
27 39 66 31 17 44 8 14 1572
17 27 36 67 1 19 4 79 1668
64 36 69 15 54 77 48 60 1903
40 8 20 70 31 90 12 42 1497
24 2 38 75 3 70 64 23 1713
64 24 41 91 89 31 24 24 1477
