8 50
70 26 17 75 51 95 17 1 1589
50 27 83 2 39 13 82 79 1762
8 42 1 92 57 7 32 62 1570
57 17 27 32 68 38 14 31 1156
1 90 99 94 62 84 65 94 2056
77 4 87 17 78 69 73 45 1038
50 31 40 96 54 88 63 57 1168
84 22 29 65 37 2 14 36 2152
96 56 14 45 90 88 7 9 1220
82 43 49 6 99 48 6 30 273
68 64 8 20 67 28 84 69 1711
89 35 49 8 16 51 4 3 1914
98 76 60 24 38 22 45 88 345
45 94 85 85 18 92 19 30 516
1 75 64 51 88 50 10 66 2109
63 2 10 17 94 48 49 61 1924
80 64 51 79 82 18 17 88 1595
5 64 59 54 96 88 75 41 731
82 28 43 67 78 91 29 84 1778
59 97 18 36 30 38 82 10 1083
34 98 18 81 40 17 21 25 640
90 94 83 33 29 69 2 98 271
66 45 35 62 77 30 89 26 568
84 87 92 29 61 71 97 86 516
47 14 4 19 34 38 95 27 2089
90 47 85 93 88 42 32 70 1784
2 12 75 21 28 59 42 69 342
3 69 36 43 63 49 92 60 1085
91 78 39 1 64 45 1 18 531
11 83 77 31 86 95 26 1 1110
57 40 83 12 15 14 5 25 269
72 33 2 83 15 47 26 42 1042
68 84 98 91 67 47 73 29 555
57 90 51 91 42 96 10 31 1101
96 74 58 23 32 44 88 10 1877
70 34 23 73 9 22 27 10 788
99 55 73 37 90 31 74 61 1719
53 21 83 5 17 54 77 8 1535
3 81 86 29 76 8 40 75 1432
34 17 49 53 43 5 86 77 536
35 8 72 38 87 61 100 82 2086
78 19 97 61 47 92 87 15 1415
85 25 99 60 58 10 41 74 464
27 92 45 54 54 8 29 31 626
10 85 19 19 83 49 47 68 258
9 56 66 30 3 10 29 6 522
10 66 43 62 24 67 68 33 890
98 94 60 58 21 88 79 56 1279
52 97 18 53 48 16 74 59 1657
42 1 44 38 37 21 93 67 1828
