5 50
88 6 33 39 3 2586
14 96 53 19 49 2162
72 12 65 18 7 1760
48 15 81 93 99 2263
85 58 86 79 21 2576
82 45 22 28 92 2232
97 80 32 46 21 2339
7 77 20 61 55 2071
72 85 70 41 69 2247
58 7 2 63 88 2215
74 79 56 82 21 1652
79 51 38 82 59 2150
10 58 95 98 83 1880
74 82 37 6 92 2469
60 72 60 32 32 2337
25 15 74 94 72 1986
14 92 80 57 18 1482
52 54 66 44 86 1597
61 4 53 9 69 2183
27 92 28 39 80 1944
19 90 32 75 61 1817
55 92 45 90 1 2507
85 72 59 46 56 2054
96 67 40 68 16 2002
70 16 56 69 90 1795
72 63 70 91 2 2757
86 49 79 90 6 1756
45 98 12 59 5 1970
6 61 48 51 66 2562
96 76 20 28 62 1577
32 44 37 26 73 1612
49 48 23 5 29 2738
89 66 85 75 7 1862
88 26 65 35 32 2477
41 32 72 21 75 2295
3 52 23 56 43 1810
20 22 2 74 99 1554
75 94 37 15 54 2549
43 84 5 47 38 2026
87 86 57 60 32 2355
17 75 53 10 23 1974
29 69 28 76 75 1987
50 98 24 1 22 2325
4 58 55 97 44 1625
75 41 80 88 39 1520
77 47 65 92 55 2263
92 78 99 34 13 1999
84 23 17 64 98 1922
43 33 44 51 47 2311
97 19 71 89 89 2278
