5 50
79 84 69 55 79 272
53 49 34 88 30 20
56 96 44 81 22 782
43 72 20 32 85 289
66 61 31 19 66 626
83 49 65 98 69 680
17 19 16 74 41 1032
32 59 69 10 36 47
62 66 90 3 8 317
45 50 24 57 63 264
81 48 100 86 49 899
20 65 80 93 19 843
76 43 75 92 79 347
83 10 74 57 5 326
31 25 20 63 11 1093
30 20 79 68 90 136
92 68 1 76 12 109
31 26 59 88 95 504
53 21 56 83 2 479
25 100 20 50 98 833
90 13 82 45 81 566
49 64 37 37 20 363
66 93 21 5 98 849
29 55 4 63 17 1037
18 67 33 55 8 106
62 6 19 94 19 739
75 36 77 58 33 556
80 26 45 10 67 944
14 11 70 16 71 225
42 38 85 53 90 144
98 42 64 100 82 644
24 80 63 91 14 402
74 10 23 11 79 246
79 87 13 91 34 268
23 18 55 40 67 71
21 30 37 59 43 672
37 20 64 90 21 341
91 2 53 61 83 118
34 17 4 84 77 501
64 31 28 43 33 399
67 60 64 72 34 157
44 81 30 79 16 156
87 18 79 67 29 358
16 82 31 43 18 982
11 92 69 42 75 589
30 100 56 78 37 661
3 32 75 96 6 161
66 33 2 32 40 511
54 26 97 15 61 961
17 62 14 90 40 522
