5 50
68 91 67 33 87 2193
98 43 2 13 19 1986
13 46 47 13 25 1878
44 78 40 1 56 1938
26 65 64 76 16 2003
55 89 92 25 47 2225
87 2 71 99 87 1973
38 90 98 5 92 1745
71 75 63 80 24 1988
2 26 2 93 51 2050
62 21 9 51 8 1927
83 44 44 2 19 1772
79 88 3 63 92 1749
43 19 69 4 36 1824
93 99 67 90 84 1836
62 50 68 67 35 2017
82 24 8 87 20 2037
59 14 41 100 19 1917
85 89 47 13 19 2171
20 40 57 93 93 1773
86 72 55 14 34 1973
92 52 87 66 10 1961
4 37 62 73 87 1816
35 78 21 34 38 2055
41 6 52 91 48 2073
78 14 85 2 72 1907
75 35 50 50 23 1970
95 82 6 46 71 1771
75 44 12 8 92 1873
11 50 1 64 21 1855
48 5 30 64 81 1952
72 67 59 94 47 2186
10 48 2 42 11 1849
59 17 10 66 90 2025
84 59 9 38 21 1934
20 9 18 87 12 1823
84 91 16 15 79 1838
17 93 37 15 12 2089
45 98 41 49 14 1954
23 38 5 72 68 2182
54 69 84 19 24 2210
4 77 56 27 71 2056
20 89 12 48 53 1796
43 44 89 39 14 2040
32 77 8 41 82 2226
34 87 74 1 45 2034
86 17 59 68 3 2189
70 77 75 81 68 1962
8 48 78 71 44 1942
50 96 78 94 36 2028
