8 50
24 43 74 97 47 49 38 65 2012
83 56 65 31 14 70 58 83 2157
26 97 50 88 21 48 26 67 2144
24 90 4 16 82 54 65 49 1827
55 50 32 33 42 4 12 58 2081
42 42 13 98 72 29 76 34 1931
30 40 2 96 34 50 40 3 1885
14 41 72 9 70 41 6 72 2149
51 84 68 76 95 63 26 48 1869
68 65 39 34 37 82 16 72 2140
35 31 21 41 28 72 57 72 2163
38 94 33 95 2 10 86 58 2189
39 61 3 55 5 78 80 94 2275
36 89 37 88 90 85 73 89 2183
24 81 31 12 88 58 38 90 2023
8 100 27 3 21 89 79 99 2310
87 90 61 57 36 84 58 64 2236
99 82 68 32 6 70 4 16 1967
89 1 87 27 57 99 59 43 1970
17 6 37 84 36 54 18 67 1924
15 49 2 63 12 67 100 4 2244
24 41 96 29 53 89 81 61 1977
70 69 55 58 7 9 87 30 1887
68 26 12 79 42 97 83 37 2278
48 47 22 5 22 26 30 59 1937
83 60 24 100 27 11 64 5 1881
84 60 97 37 39 7 40 21 1911
77 7 72 88 3 58 45 61 2106
93 92 20 42 77 77 27 56 2087
100 72 58 20 57 46 96 68 2299
91 82 13 82 47 37 56 25 2044
5 93 73 66 75 30 58 64 2137
98 61 33 27 54 85 88 57 2176
40 38 36 94 94 63 11 46 2179
97 75 77 40 21 88 60 93 2010
86 28 43 93 75 47 32 46 2131
28 56 70 63 24 96 97 34 2058
46 48 71 13 54 7 95 41 1871
20 11 96 81 13 94 96 18 1916
75 56 41 43 50 67 28 10 1850
54 19 100 83 51 39 94 100 1890
74 32 43 26 14 72 85 64 2156
55 94 13 97 34 12 96 99 2339
61 53 68 41 72 24 62 5 2051
60 52 42 42 95 26 35 75 2265
25 44 35 41 77 4 73 97 1827
11 64 9 38 60 10 7 9 1945
54 91 93 6 78 40 34 50 2124
79 61 75 53 13 18 31 50 1891
42 78 37 21 43 29 70 64 2082
