8 50
91 17 73 36 85 80 35 38 312
1 70 51 63 6 80 54 1 371
19 52 28 49 86 33 82 25 379
58 80 82 67 69 29 50 9 491
26 73 40 9 16 9 41 7 337
44 82 93 33 71 54 31 6 589
50 24 38 82 29 55 82 45 704
82 97 78 58 68 54 14 6 416
100 73 37 92 70 39 81 7 613
63 77 6 18 45 84 40 48 473
12 96 48 1 44 95 84 23 610
39 20 78 24 8 74 2 59 621
87 47 58 52 3 99 36 90 554
54 79 98 15 73 38 37 18 714
83 49 6 53 18 54 76 52 437
47 11 60 58 9 51 61 48 322
9 94 5 82 32 97 71 15 445
66 85 17 8 22 100 29 17 434
58 99 34 74 31 82 70 27 308
8 29 5 39 24 24 61 26 513
97 10 12 30 68 57 5 18 303
50 49 10 40 24 34 46 85 693
6 23 82 94 60 12 58 53 707
1 98 97 72 95 49 24 21 493
28 55 19 3 84 20 45 40 641
42 96 67 76 3 88 34 1 605
77 31 12 62 72 57 23 9 626
15 42 92 84 32 35 23 32 324
57 25 4 29 46 72 82 97 491
87 19 42 7 16 26 62 21 240
98 37 50 89 35 79 2 16 325
49 49 13 64 67 32 54 4 271
16 12 77 66 84 54 93 44 419
40 37 28 14 74 28 50 74 575
41 47 25 73 42 59 83 29 242
83 43 22 52 31 13 97 16 567
49 8 24 55 58 51 46 78 700
37 37 52 68 58 55 41 96 480
23 3 72 38 12 58 6 21 650
41 8 49 83 12 30 19 61 634
13 37 59 35 82 98 25 38 653
59 41 48 34 70 49 93 30 670
39 47 29 97 29 19 67 96 380
24 32 59 82 66 20 74 67 510
75 23 7 95 38 46 65 33 436
61 99 18 95 12 71 88 29 527
61 17 34 58 6 33 13 69 439
47 99 91 28 70 29 36 73 549
48 22 91 22 70 65 27 50 379
79 65 99 96 76 30 59 80 679
