8 50
69 41 15 85 39 26 27 36 411
85 24 60 34 84 41 10 92 496
76 84 27 48 96 79 5 10 693
7 94 31 95 43 83 24 40 588
61 36 52 45 1 58 100 25 578
55 27 28 72 66 59 7 18 735
81 42 31 12 15 41 14 20 383
55 57 36 78 80 12 61 76 617
13 39 29 18 64 39 2 78 697
20 81 7 18 77 60 19 55 593
91 72 31 80 37 48 7 28 736
19 71 94 96 70 79 85 33 608
63 98 98 39 74 26 45 94 715
96 28 79 70 100 48 85 72 377
22 78 71 45 9 8 14 73 400
78 22 66 20 20 58 40 4 278
74 9 63 57 87 13 77 51 664
60 2 49 72 99 95 18 97 388
55 48 51 38 96 97 33 48 345
40 48 100 99 14 51 38 80 316
74 17 80 56 33 58 46 25 477
15 45 9 41 14 5 63 45 460
97 51 18 68 33 23 1 72 635
74 67 100 52 49 64 94 71 293
52 48 60 63 26 52 7 45 629
29 51 70 37 30 14 37 25 591
84 5 14 47 72 58 22 22 592
43 81 17 8 32 64 62 81 724
23 11 68 79 22 83 50 35 544
95 62 66 23 78 90 95 100 607
45 12 25 62 77 42 4 29 300
71 72 29 34 47 18 60 71 602
99 99 20 11 55 6 1 38 388
68 36 43 71 30 1 60 95 411
7 18 96 9 85 80 26 54 391
79 74 94 43 94 96 49 25 607
53 18 52 76 71 43 25 23 625
32 80 42 95 43 80 23 53 285
22 25 23 57 83 74 1 77 606
82 2 93 15 14 93 88 50 766
52 26 56 62 93 81 85 85 361
68 18 19 81 44 57 49 79 757
71 11 21 82 67 93 50 69 726
20 52 94 41 94 77 43 79 726
24 26 72 32 26 36 19 41 608
47 54 18 57 46 98 2 1 470
33 42 64 67 78 74 90 59 291
65 4 16 86 99 76 80 67 605
94 73 63 90 49 60 33 31 704
37 40 2 24 99 65 86 70 272
