8 50
97 36 97 85 5 63 11 57 1071
34 72 47 75 55 100 25 54 1792
48 34 17 47 87 23 49 79 675
24 51 73 38 72 55 13 50 1558
98 16 83 29 16 97 46 54 1548
47 100 14 17 31 3 76 81 1357
70 28 36 69 87 53 90 18 1745
39 78 78 92 27 55 76 71 1488
35 91 22 72 22 13 75 47 680
22 92 52 3 74 50 88 9 1254
47 20 10 22 99 70 17 40 1720
32 81 63 93 80 4 31 93 976
35 31 59 69 45 65 59 52 829
42 92 81 26 92 19 25 71 967
4 23 57 97 3 30 92 21 1308
98 28 76 60 7 63 59 60 1010
90 90 94 16 89 7 93 73 991
48 61 11 58 63 16 19 90 1767
64 32 85 95 23 21 13 99 1532
97 7 48 79 65 54 12 78 675
85 2 11 19 96 61 43 5 1526
78 77 100 74 85 83 73 48 947
75 22 60 92 60 28 45 59 704
45 87 69 82 21 34 82 37 678
35 21 81 56 60 10 43 68 793
34 34 98 27 97 59 65 14 1688
82 87 24 67 29 1 91 20 1863
59 14 45 6 87 59 57 53 670
44 77 62 11 16 74 66 71 1610
76 70 3 4 84 16 33 18 1629
23 34 51 45 87 93 61 19 730
78 26 1 31 88 49 33 3 648
53 56 64 77 45 100 52 18 991
26 79 68 74 9 58 26 80 1071
1 86 55 53 36 20 61 87 884
74 1 53 8 23 61 41 83 681
25 21 84 22 38 74 13 64 1140
2 31 32 9 44 20 59 43 729
41 85 81 96 26 63 73 42 1771
44 73 32 30 41 77 82 48 1333
84 52 74 85 99 75 65 58 1933
15 84 25 20 42 4 54 40 1746
69 50 88 17 81 36 11 96 1129
15 85 92 64 96 51 28 42 1810
86 13 37 46 76 51 55 75 1677
42 73 89 63 33 13 29 63 1924
68 53 22 69 39 21 27 50 701
39 100 71 83 62 97 51 7 1194
80 48 95 63 30 14 72 76 1940
14 53 25 31 28 80 13 27 1600
