5 50
4 69 72 46 73 2068
82 74 25 36 78 1900
29 87 19 37 43 2820
18 49 77 25 87 1871
89 91 59 75 70 2553
73 95 17 3 85 2897
44 45 16 28 17 2808
82 29 3 58 89 1087
38 66 94 50 27 1718
28 62 86 88 31 2800
21 25 47 24 8 1344
77 24 12 28 79 1226
30 44 90 38 40 1573
26 46 45 71 18 2084
59 7 22 76 34 1061
37 6 14 61 60 1983
35 80 98 10 94 1659
78 51 82 44 98 2979
88 26 75 95 20 1345
39 56 80 8 49 1214
41 17 62 85 68 1147
55 28 73 76 47 1357
3 79 30 1 59 1022
92 58 97 52 91 1400
51 89 91 68 96 1663
60 89 38 97 58 1934
23 56 17 61 10 2486
19 73 72 29 57 1358
29 86 73 80 93 2550
86 45 10 99 60 1408
66 99 51 98 24 1678
31 79 32 14 82 2657
37 48 86 38 73 1439
14 36 36 83 15 2080
97 1 17 25 47 2469
90 96 83 39 69 1959
9 48 70 98 30 2332
89 20 82 14 6 1162
30 47 9 22 1 1677
9 87 12 96 56 2154
92 28 31 97 64 2833
62 24 33 24 59 1920
30 63 12 81 67 2379
5 22 82 14 34 1593
87 48 2 42 54 1835
75 78 67 30 22 1722
5 63 43 3 7 1573
46 86 62 65 29 1707
79 35 81 23 32 2013
15 82 35 49 12 1829
