5 50
89 67 37 72 20 1662
9 32 22 91 74 1727
70 72 44 26 8 2946
9 51 71 38 90 2830
41 97 76 64 27 2122
75 6 84 61 72 1529
59 46 44 13 22 2618
37 38 99 60 93 2771
1 59 100 14 62 1325
68 40 36 6 84 1606
50 70 5 63 51 1074
59 6 49 52 67 3038
59 35 34 78 77 2427
12 41 6 79 75 2173
79 94 47 83 42 2881
39 49 46 77 58 1793
75 55 14 22 52 2233
84 45 84 41 83 2672
8 20 25 19 64 1517
9 40 5 2 83 1170
86 67 98 92 37 2173
12 92 50 20 45 1098
96 8 18 68 4 1980
7 58 24 90 26 1165
96 4 88 19 24 2396
91 98 4 33 15 2538
54 53 37 73 80 1030
92 31 29 19 95 1356
89 85 60 13 7 1699
59 40 96 100 14 1623
16 33 55 22 16 1285
52 84 57 51 53 1352
37 92 49 43 7 2977
26 46 53 33 73 2920
67 67 67 22 94 2850
65 35 47 79 73 2860
84 92 68 13 50 2672
67 25 84 2 23 1433
20 46 82 98 51 1693
58 68 65 7 63 2904
67 69 55 4 66 1360
16 10 13 72 78 2047
21 67 84 64 24 2980
3 93 60 50 26 1688
68 2 36 63 17 2527
87 26 17 92 32 2166
100 10 70 29 40 2943
25 94 94 47 36 2119
71 78 69 17 2 2503
71 80 70 81 37 2490
