5 50
49 25 95 96 25 1475
81 57 17 69 17 1919
58 51 63 78 38 2423
99 69 30 88 1 1820
30 70 84 84 59 1292
75 64 7 14 54 2836
3 76 17 40 7 1802
24 79 43 72 63 1388
4 79 69 21 81 1181
87 3 33 33 32 2155
4 26 30 10 62 990
72 76 12 72 96 1928
72 27 92 89 55 2555
22 14 24 100 69 1050
28 91 48 49 6 2487
83 97 26 43 92 1474
65 60 28 96 75 1941
67 21 2 45 78 2679
50 24 8 70 64 2898
80 97 98 81 63 2471
94 2 88 38 53 2097
1 83 8 83 39 1262
49 16 27 47 88 2256
24 59 43 76 19 2347
68 93 58 31 34 2446
70 83 78 6 6 1107
31 26 16 3 88 2825
14 3 37 79 32 1834
91 89 58 59 17 1156
29 35 14 28 28 1376
52 6 75 13 83 1873
14 78 1 20 93 1259
11 48 45 67 34 1841
57 73 13 14 34 1698
56 83 93 26 46 1876
87 29 77 9 96 2870
77 28 13 95 4 2162
34 2 68 52 21 2446
88 80 74 65 26 1329
65 67 98 63 39 1206
2 4 2 22 5 1891
52 60 44 25 1 1689
48 32 82 7 66 2738
95 50 51 50 82 1880
80 11 7 71 20 1141
1 35 97 17 46 2620
49 71 47 95 35 984
100 63 24 25 16 2274
32 11 69 77 67 2739
15 87 92 76 65 2679
