5 50
14 56 33 62 75 1017
79 11 22 40 67 1447
71 92 56 25 7 1150
46 80 92 15 88 580
32 84 70 95 87 289
45 27 12 6 36 12
6 82 72 83 11 437
52 28 25 71 63 819
43 48 62 56 29 1436
35 92 89 90 54 424
42 30 57 64 76 1469
82 83 15 88 65 865
9 70 30 44 80 1405
26 70 63 80 57 965
93 59 88 89 99 1014
44 63 57 80 28 338
58 37 47 5 90 26
2 7 32 77 68 740
68 90 76 95 29 67
83 14 15 86 100 49
4 16 48 85 40 536
44 4 56 18 7 507
52 44 33 90 52 1334
98 98 47 81 56 1095
58 59 55 15 49 921
20 12 34 63 9 1058
98 95 34 88 66 461
21 45 7 99 15 330
47 81 12 93 42 1285
19 54 52 49 25 112
96 7 28 14 40 42
91 32 65 71 38 1
94 36 56 35 32 858
79 21 61 26 28 577
9 38 33 92 44 69
2 57 2 81 100 480
36 18 9 44 66 578
53 17 62 84 34 864
90 78 16 88 6 1052
65 90 75 46 98 1231
19 65 61 60 84 733
34 92 40 95 13 1381
36 98 46 20 28 1219
68 61 62 16 29 371
97 11 100 11 20 443
21 1 20 58 78 367
92 39 68 36 25 403
78 41 84 15 18 333
83 26 21 93 95 37
73 80 87 15 94 1347
