8 50
47 2 18 55 5 58 53 33 587
30 49 26 68 45 14 19 89 876
83 72 47 48 65 41 59 1 990
32 76 74 94 50 84 74 85 5
57 36 49 35 57 5 72 76 1298
45 95 51 29 11 33 82 94 717
80 44 30 5 25 17 38 50 181
15 48 87 53 93 71 53 33 1494
92 24 61 86 95 36 100 37 516
36 12 6 95 84 28 71 79 512
26 26 72 96 27 3 13 46 1102
34 76 61 12 99 100 50 46 983
36 73 47 15 91 85 84 34 924
45 89 89 96 66 28 66 29 327
58 73 29 69 87 76 88 41 843
68 40 44 94 30 81 18 24 600
9 88 33 42 9 28 48 13 180
25 70 58 46 75 64 92 97 1140
46 29 57 20 41 48 11 11 241
100 47 9 69 96 34 20 39 401
98 25 2 71 24 86 65 56 1186
28 54 36 72 85 45 16 34 472
94 68 73 93 80 42 11 72 611
87 26 23 92 98 57 32 19 285
28 31 3 22 74 82 50 5 1373
73 2 72 18 54 18 22 87 47
84 79 52 48 13 19 23 100 12
17 65 18 63 88 47 6 100 481
31 14 7 63 77 85 95 42 1397
22 29 9 12 27 40 66 6 537
26 17 67 97 5 50 64 39 624
86 75 50 33 38 51 7 46 968
3 35 50 78 38 99 41 6 1406
69 8 19 61 35 39 21 38 1185
5 88 16 64 69 12 60 34 1022
54 24 40 36 71 14 46 85 1250
79 82 32 68 17 39 35 76 921
11 70 3 91 100 18 67 26 395
73 92 30 58 76 89 85 91 679
56 73 67 56 69 31 76 14 1020
65 34 10 79 25 94 73 58 1360
84 36 55 10 56 22 98 88 39
22 18 30 65 81 4 23 51 1100
62 70 44 55 26 96 27 27 185
67 56 71 12 63 23 28 59 1124
59 49 65 4 96 2 52 63 1361
8 46 66 94 59 26 68 23 302
10 54 38 14 63 81 81 86 392
98 44 63 12 16 31 82 19 401
10 82 53 78 32 15 12 63 1162
