5 50
13 41 24 13 54 1981
45 98 30 79 54 1890
88 37 57 19 46 1935
80 11 34 35 35 2102
93 8 11 58 54 2168
35 90 68 90 32 2115
91 85 92 19 34 1891
3 74 43 62 41 2066
9 70 94 24 8 2162
81 70 91 16 52 2020
1 93 53 60 40 2038
28 11 81 81 92 1959
28 74 53 36 85 1840
70 98 44 4 68 1979
86 80 75 7 36 2030
15 12 84 8 28 2177
68 75 37 21 6 2190
80 88 41 78 94 2170
40 20 93 100 4 1908
16 66 40 40 19 1882
81 60 80 30 55 2062
99 97 51 75 68 2146
30 10 4 57 42 2101
9 82 71 70 74 2149
74 71 74 17 28 2089
36 31 22 66 20 1986
8 52 59 20 65 1845
99 17 99 83 44 1992
48 5 5 14 87 2267
65 38 83 55 68 2026
72 99 51 21 16 2224
47 57 37 59 10 1784
14 85 61 76 1 1949
82 92 53 56 40 1824
48 49 59 35 76 2006
7 41 14 99 11 1959
45 73 16 39 85 2081
2 50 54 80 90 1978
12 23 65 97 89 2225
31 47 47 19 78 1921
32 72 37 94 17 2207
63 89 78 19 74 2010
86 70 14 85 59 2202
14 85 88 12 16 1801
78 53 22 34 35 1833
27 26 60 18 83 1890
4 90 97 61 46 1803
17 5 91 90 43 2052
4 24 47 44 72 2063
4 29 97 82 33 1918
