5 50
21 32 38 99 86 638
27 28 87 72 12 330
39 18 93 27 36 308
30 6 47 24 79 663
98 20 44 59 79 491
67 56 56 30 67 536
46 72 82 49 93 289
85 4 1 42 93 261
89 62 3 71 5 519
44 67 6 23 53 649
97 86 28 19 8 266
21 56 51 30 39 715
19 20 3 33 40 323
38 25 19 8 53 710
21 44 65 51 37 399
94 77 64 40 46 600
45 43 29 89 85 448
34 96 40 1 82 580
1 1 24 1 43 335
6 8 59 88 29 389
7 46 69 13 41 282
85 76 64 73 80 250
12 86 64 97 2 331
69 83 46 65 69 261
49 70 19 85 2 297
33 22 87 93 48 401
23 85 88 8 62 703
64 47 53 50 97 430
10 46 72 81 33 374
80 50 45 16 32 265
80 83 100 80 18 487
80 19 40 27 27 619
96 93 58 92 51 726
63 47 52 49 28 480
33 12 39 52 9 444
80 3 2 93 50 646
24 98 66 15 79 496
25 87 78 90 10 331
23 70 12 34 41 579
37 8 71 6 86 413
71 60 26 10 32 550
84 90 86 14 92 632
9 16 21 90 94 287
89 41 31 2 78 427
68 95 39 49 65 252
88 3 6 48 24 655
89 37 63 55 12 636
26 34 96 10 96 306
7 94 20 22 5 454
79 67 84 2 44 575
