5 50
85 8 57 15 26 1844
55 92 64 56 30 2128
47 64 86 83 60 1979
12 32 99 26 75 2104
97 24 7 72 69 2026
9 25 82 19 44 1744
88 1 31 35 67 2066
61 35 83 10 76 2113
31 65 23 93 3 2053
18 64 70 72 38 2173
4 69 98 27 25 1887
15 20 6 50 32 1802
96 18 41 7 36 2171
64 7 25 45 59 2007
58 92 8 93 75 1994
26 94 17 32 61 1778
100 90 84 29 70 1906
21 50 61 88 42 2016
90 98 91 25 34 1845
50 29 31 49 76 1763
67 61 50 99 13 1848
44 70 23 75 34 1950
65 74 39 5 82 1988
60 52 54 98 58 1771
85 39 39 29 24 1952
33 53 63 33 28 1956
88 25 29 39 100 1858
41 12 32 62 86 1752
3 51 35 21 14 2138
78 33 10 89 6 1856
16 48 84 68 43 2028
45 24 42 20 6 1776
32 23 70 25 68 1996
71 60 19 88 52 2033
89 21 13 54 82 1948
73 36 53 31 34 2155
43 25 61 25 20 2102
49 67 5 34 20 1913
60 26 6 4 29 2202
67 99 71 56 61 1733
94 80 76 76 53 1808
25 49 55 85 58 1979
50 29 85 19 89 2113
9 89 18 31 46 1944
39 31 69 27 32 2008
71 50 85 82 50 2141
42 46 37 43 71 2155
8 84 46 86 54 1802
97 70 87 31 63 1826
68 28 81 51 22 2097
