5 50
3 70 60 69 1 2004
19 70 17 13 14 2243
85 21 88 65 21 2052
94 83 34 78 15 2209
29 26 66 73 92 1850
2 29 66 77 82 2213
50 19 78 12 49 2012
78 21 89 55 23 1834
86 82 13 5 15 1952
42 33 55 96 46 1917
85 54 34 33 17 2066
40 24 100 52 67 2188
91 69 57 89 73 2172
100 8 14 89 18 1902
74 12 97 94 13 1823
43 26 24 33 73 2041
71 71 38 20 39 2167
78 83 22 16 35 1959
82 7 68 20 53 1835
77 31 66 69 68 2042
93 38 29 53 74 1799
53 60 61 22 63 1904
91 65 82 83 81 2202
72 84 59 60 79 2018
78 2 89 73 14 1953
37 94 11 57 90 2204
19 5 97 13 82 1983
33 75 81 84 31 1779
17 43 13 39 64 1987
69 9 47 94 70 2152
52 96 82 12 27 1864
86 83 86 68 42 2192
14 32 32 96 78 1834
71 75 1 50 49 2179
67 30 70 48 8 2202
26 14 97 8 85 2091
96 9 31 49 26 2015
59 41 13 39 1 1815
39 83 98 4 34 1822
54 91 8 78 24 1920
14 73 78 78 50 2112
58 20 14 54 88 1903
12 69 38 2 72 1772
37 72 22 23 56 2098
56 81 66 1 61 1884
98 6 30 69 84 2176
35 99 8 57 5 1847
66 3 89 65 52 2029
7 8 78 55 4 2222
11 52 49 7 57 2221
