5 50
66 51 3 9 5 1717
86 11 68 22 86 1269
20 43 50 45 39 1137
43 98 92 32 70 1362
73 4 60 25 72 1814
11 11 67 37 77 1524
39 95 68 14 9 1111
65 50 89 36 72 1336
10 37 36 86 30 1432
39 49 68 73 55 1253
32 24 51 27 9 1956
41 34 70 98 81 2598
22 68 26 93 47 1298
11 33 100 97 9 1689
3 24 85 83 24 1618
90 10 81 75 92 1633
74 59 30 62 82 2536
27 80 44 60 48 2077
12 33 75 83 25 3069
49 100 88 35 94 2837
59 67 49 77 55 2933
31 83 75 94 83 2899
10 30 44 63 65 1365
27 52 69 46 12 2690
52 21 50 22 56 2327
30 49 19 49 90 1712
62 92 98 99 49 2781
58 24 58 73 18 1110
71 41 21 75 24 1741
36 98 27 99 1 2330
87 29 84 1 67 1212
41 46 96 50 67 2243
88 36 22 65 60 1735
65 88 76 96 12 2192
47 94 39 38 81 1770
34 56 46 12 99 2528
9 23 58 21 90 2509
35 76 44 35 95 1200
23 74 8 80 80 2536
77 3 9 58 82 1670
39 9 77 40 19 3073
47 2 23 45 65 2943
20 70 80 23 52 1528
98 40 44 12 81 2995
100 89 33 64 96 2809
12 24 25 37 94 1706
54 4 58 37 62 1406
50 80 57 39 70 1126
31 1 53 100 34 1489
76 73 79 69 49 2445
