5 50
9 39 9 96 98 1083
15 62 6 87 95 301
93 37 84 71 75 884
52 24 46 34 60 444
100 100 10 88 74 1091
9 93 73 52 40 192
52 69 40 48 14 518
51 69 92 64 92 868
90 92 10 80 49 131
43 38 28 6 24 1034
14 58 41 62 74 878
46 33 3 26 68 110
19 62 97 6 79 723
28 59 95 88 68 771
64 40 90 14 5 191
66 19 38 62 40 301
75 44 45 22 37 943
15 19 90 41 10 802
72 15 27 79 84 369
87 76 50 23 77 519
8 84 96 62 75 192
53 61 35 60 78 283
2 24 83 47 4 239
44 98 60 68 41 983
38 39 61 53 50 618
89 33 72 16 88 741
47 4 59 100 41 821
83 2 68 87 60 1109
23 8 80 29 77 978
73 27 78 46 85 466
22 58 60 35 42 203
14 11 81 10 30 999
16 16 58 80 91 992
28 82 2 57 93 309
47 68 4 92 32 786
77 11 2 69 46 164
55 62 52 85 10 998
81 30 62 18 95 804
49 40 22 15 45 1087
2 35 4 47 67 363
57 94 96 55 51 398
46 31 43 96 46 1125
47 24 79 50 39 796
38 58 32 87 86 267
91 59 30 98 51 79
1 84 97 2 43 866
70 3 23 8 47 293
5 27 74 25 4 1026
48 56 32 18 24 354
95 35 50 40 7 1016
