5 50
23 37 28 42 5 2461
82 53 50 58 29 1746
5 49 98 44 7 1734
95 91 75 62 38 2336
9 52 88 51 71 2001
36 86 38 42 61 2389
49 93 46 89 65 1982
38 46 71 20 18 2504
51 85 65 17 68 2393
58 49 76 81 100 2572
42 26 33 44 59 2383
74 88 13 71 71 2405
97 18 81 73 28 1555
48 19 59 67 4 2150
33 82 42 48 33 2631
9 97 96 85 14 1440
25 3 37 84 21 2559
91 53 64 39 85 1733
76 21 77 52 30 2361
3 37 73 79 71 1411
73 63 38 73 67 2608
68 21 46 52 11 1714
77 5 57 52 41 2158
44 66 9 14 78 2455
7 62 41 27 97 1916
99 44 90 34 100 1836
85 42 11 29 77 2003
76 92 39 61 20 1475
81 92 94 74 36 1951
90 6 47 71 14 2396
21 68 72 94 21 1627
70 2 27 42 71 2388
78 53 29 52 5 2272
19 35 71 75 79 2324
72 30 41 53 8 2568
33 83 51 2 9 2540
17 18 28 69 7 1814
91 34 2 94 4 2027
50 69 17 68 26 1930
48 60 43 64 57 2615
39 47 95 17 35 1768
80 91 85 13 78 2354
19 49 63 1 53 2476
82 46 68 10 18 1949
80 62 22 33 67 2032
33 10 26 59 15 2205
51 27 65 87 22 1902
65 11 56 55 23 2169
70 32 67 100 49 1420
75 21 91 88 97 2175
