8 50
100 12 91 37 96 65 72 28 1974
100 79 3 62 97 73 10 56 2625
77 80 85 64 14 41 5 20 3070
85 15 45 90 26 95 68 87 2529
7 61 85 85 45 16 55 41 2610
82 49 87 77 63 48 28 88 2562
32 27 29 28 57 35 97 36 2729
83 64 39 86 56 69 79 61 1343
11 4 37 53 40 47 92 72 2514
58 58 38 3 66 35 70 41 1550
3 56 94 64 18 68 26 27 1271
64 33 24 96 5 88 82 62 2517
4 61 37 15 92 80 95 64 1245
53 69 28 76 24 32 44 85 1781
34 96 92 60 88 92 81 16 2085
55 38 41 26 54 96 77 23 1782
48 33 19 73 70 37 97 19 1883
58 19 33 31 85 62 6 45 3107
79 13 31 78 48 96 35 10 2968
20 8 96 46 46 62 76 96 2667
50 63 5 76 97 34 44 87 2118
46 94 25 46 18 41 28 33 2729
59 62 91 12 33 23 42 38 1851
1 82 27 1 78 85 43 85 2759
88 39 25 4 58 45 98 73 2750
25 89 8 63 47 50 94 13 1109
45 68 44 64 39 82 40 16 2196
43 44 40 34 37 94 23 46 2008
15 62 33 5 93 76 37 37 1915
46 13 86 95 91 64 45 68 2709
71 37 34 32 20 39 79 12 1777
33 59 37 31 36 39 74 90 1275
90 75 23 2 65 95 55 54 2919
97 48 95 94 90 16 27 36 1271
21 20 65 57 50 92 97 45 2550
100 34 53 6 79 6 73 14 2630
14 70 50 16 63 92 26 58 2727
15 92 3 80 10 4 10 7 1736
16 77 77 46 29 100 41 25 2681
79 53 24 16 25 75 13 2 1617
62 79 1 44 98 93 44 31 2403
68 21 47 41 5 54 76 58 3066
16 53 75 45 82 16 10 78 2630
12 81 81 53 90 80 32 58 2214
51 83 98 11 6 13 48 46 1754
71 54 89 4 55 86 59 17 1242
24 95 29 100 88 55 54 53 2348
83 60 26 45 20 59 56 70 1686
100 74 28 20 49 65 26 91 2150
77 55 62 66 97 46 69 35 1322
