8 50
41 47 48 26 2 62 56 14 859
7 17 83 77 76 91 57 100 315
74 87 75 27 26 100 75 89 1188
89 71 49 63 46 76 14 29 1309
88 7 75 39 21 45 44 79 996
20 1 93 54 11 58 57 84 1205
20 17 50 11 41 76 56 99 950
29 79 61 88 17 70 64 68 1054
23 18 88 28 74 67 76 92 1339
58 74 37 97 45 76 91 7 687
58 55 91 67 9 23 28 42 1323
52 4 66 62 76 10 75 57 513
22 52 4 40 64 65 67 90 1207
95 76 85 89 15 96 95 88 1480
17 3 12 74 51 70 69 77 627
69 69 51 86 91 55 61 89 1121
2 45 71 52 64 24 58 56 910
82 79 74 43 16 53 56 56 258
36 67 99 100 50 26 41 73 246
68 32 73 12 20 15 85 63 1346
94 30 9 27 68 10 70 44 55
79 60 79 22 40 65 47 46 840
3 78 5 6 51 81 97 69 541
17 48 92 19 21 81 30 83 1286
39 77 9 22 2 72 81 47 72
95 17 14 51 8 31 33 35 858
15 36 90 44 92 13 5 82 163
97 69 72 44 77 92 69 31 292
87 15 97 48 53 11 19 35 531
13 91 57 14 67 31 92 7 833
46 9 82 21 43 40 89 100 153
63 83 45 46 1 6 90 24 1369
8 81 35 10 70 6 2 84 1364
97 19 61 46 25 28 56 49 91
51 93 45 70 63 36 24 54 486
20 74 79 10 64 94 73 93 1224
74 1 24 36 28 20 32 45 971
56 31 46 44 54 4 15 61 1388
27 52 78 46 77 24 40 80 105
47 94 81 76 70 76 45 4 434
39 9 64 77 31 99 99 75 517
41 65 4 95 87 54 39 17 637
84 82 86 62 72 36 87 23 178
68 59 60 75 47 56 23 65 290
37 63 94 6 12 70 77 6 65
84 84 26 76 83 55 26 59 931
77 79 77 89 24 27 98 3 1333
19 85 28 31 20 18 11 61 1340
12 61 92 58 66 9 62 8 910
94 55 78 54 31 97 50 7 711
