8 50
96 4 30 48 53 70 24 23 1293
61 60 9 30 74 33 74 56 1272
42 95 72 62 37 100 89 64 1354
44 50 9 69 16 97 24 96 190
84 32 42 73 75 27 79 24 134
34 75 48 30 17 30 21 13 1003
59 29 9 15 3 92 35 46 389
88 85 22 46 12 55 27 54 182
41 87 9 92 76 28 5 72 1137
23 16 60 31 56 19 82 19 1458
50 59 55 73 84 32 31 46 245
27 21 78 48 57 95 27 49 819
3 14 22 88 35 85 54 2 384
75 97 91 3 64 77 75 98 853
94 29 80 26 63 56 63 69 579
70 86 55 9 43 70 95 90 1204
68 52 56 95 77 58 43 56 957
63 28 78 75 53 94 89 13 236
68 37 99 52 1 12 82 91 565
53 1 7 14 32 74 37 22 775
53 1 1 99 29 48 22 76 431
14 45 34 26 74 73 45 62 1217
36 85 8 80 98 93 36 88 71
99 53 44 70 67 50 88 96 552
69 90 64 9 64 38 73 7 336
85 10 58 22 20 26 61 11 1026
53 64 23 62 25 34 5 76 1221
57 18 85 39 94 47 52 99 1110
49 42 65 16 57 20 42 65 515
52 53 61 17 58 78 91 65 454
64 63 72 1 99 84 5 38 22
34 37 1 63 97 31 61 50 775
52 41 8 70 61 63 43 38 650
82 93 73 49 29 64 81 32 1274
40 61 67 87 7 70 80 95 654
59 12 14 43 74 9 15 78 114
60 35 81 1 100 18 22 46 1346
99 47 5 76 80 100 17 87 506
74 38 36 30 14 28 42 3 1012
19 74 23 99 58 1 46 43 992
77 65 84 98 9 77 89 48 612
56 58 49 79 68 43 45 80 447
85 98 55 59 19 74 35 58 858
59 12 48 67 59 40 87 77 1159
69 66 69 65 93 13 23 6 918
25 98 81 89 21 31 15 25 751
46 74 16 58 3 5 4 88 1089
15 48 21 74 93 1 32 16 735
85 2 68 30 99 8 96 18 892
2 67 93 24 10 47 38 43 10
