5 50
38 37 81 31 64 621
55 11 96 100 71 715
10 51 95 39 61 259
45 37 37 89 68 294
48 88 54 72 93 521
6 63 100 41 95 541
16 34 57 97 45 731
99 77 46 10 88 685
91 51 69 2 98 425
86 67 7 21 71 435
83 42 22 34 12 694
51 18 23 33 50 683
67 70 22 45 51 594
9 76 28 39 80 348
80 65 96 12 53 554
40 13 35 55 52 386
37 7 64 46 10 384
55 85 15 42 90 356
36 53 12 51 9 739
70 23 16 53 63 571
62 79 47 42 32 407
58 45 62 94 42 417
21 88 45 26 12 572
59 39 1 27 95 396
91 25 44 54 65 621
2 15 58 54 2 635
30 79 87 14 57 363
71 30 89 70 95 587
64 43 8 2 50 493
9 15 79 61 99 320
40 32 67 46 29 396
56 72 35 62 96 730
6 11 25 5 13 394
5 75 13 98 5 499
53 85 32 58 54 681
50 67 67 93 3 343
92 93 21 41 18 597
68 34 88 80 10 397
96 49 14 56 95 367
96 72 20 21 40 612
56 70 88 73 8 301
55 41 1 88 43 441
5 42 45 42 78 506
79 2 70 9 33 406
26 3 75 84 94 388
79 100 30 89 42 498
67 23 37 85 7 438
54 59 18 10 59 467
22 83 48 5 23 366
24 78 74 57 38 744
