8 50
77 23 67 51 52 71 26 80 550
85 45 3 72 73 57 43 90 569
39 71 35 95 39 44 31 97 459
20 67 28 59 7 7 70 28 672
3 89 42 47 39 3 79 14 670
94 57 79 77 77 63 1 40 376
6 62 88 7 92 6 51 23 334
63 68 59 46 17 37 12 3 539
25 15 28 6 35 74 88 24 464
24 69 96 60 24 14 53 53 475
9 92 56 72 38 12 94 76 631
75 50 75 74 19 68 20 12 534
39 35 8 77 93 13 28 36 296
85 7 73 16 14 72 74 53 329
65 65 55 59 81 46 66 7 560
11 85 80 24 8 6 81 52 257
54 55 67 59 64 29 64 83 626
68 94 67 1 76 80 98 35 627
37 82 41 71 18 9 89 34 297
28 14 81 92 8 66 73 23 495
90 6 62 50 92 12 12 76 331
74 50 39 61 97 93 7 8 591
1 45 34 61 40 83 8 22 287
68 71 24 37 40 80 86 36 395
73 56 46 63 50 4 44 93 551
14 63 50 29 61 21 6 83 523
42 51 29 44 35 34 19 2 458
18 97 23 39 50 63 69 39 483
49 5 18 8 37 27 48 58 274
48 52 35 36 49 19 51 81 395
59 1 87 54 16 9 37 86 479
70 25 63 71 17 45 90 57 669
69 49 41 17 17 55 67 36 561
9 71 97 28 31 59 54 29 405
60 25 76 19 94 3 100 60 628
37 57 64 29 10 41 100 54 357
66 20 14 13 79 39 31 95 598
11 4 71 49 78 93 10 96 597
66 85 96 92 73 98 62 10 346
2 95 18 32 27 43 9 69 514
51 46 10 9 10 51 54 14 534
81 65 70 64 83 93 37 90 675
44 11 55 81 18 85 32 4 504
29 70 85 25 31 63 7 15 588
8 23 69 9 54 42 41 77 668
20 71 38 29 8 43 37 26 363
34 65 60 85 23 8 74 79 571
27 13 60 7 75 62 75 75 461
73 11 67 8 87 14 44 78 302
78 2 91 55 36 43 99 96 642
