5 50
55 64 26 58 29 1158
1 44 86 30 71 1974
12 59 51 77 98 679
76 93 23 46 12 1541
52 88 24 64 23 1329
14 75 2 18 58 623
14 13 71 9 97 921
83 42 82 66 65 1615
10 53 75 30 97 630
71 27 14 95 99 1432
31 4 37 96 91 1652
30 97 44 97 72 432
64 25 73 63 33 1233
82 93 88 76 44 1528
32 88 53 2 77 966
73 30 37 97 66 458
94 92 73 59 92 1906
91 21 52 63 65 1308
50 19 47 64 60 1638
76 44 96 12 80 795
73 57 27 47 40 316
93 59 66 20 99 2028
88 57 11 97 49 1332
46 33 79 41 42 1858
36 21 38 68 57 1652
63 44 47 8 95 791
3 23 92 7 49 686
11 21 67 85 77 549
13 37 19 54 100 1443
79 87 64 23 61 1648
51 93 32 20 51 690
2 68 94 97 52 1378
61 63 13 13 37 611
35 34 95 14 73 1517
74 72 7 18 15 1868
6 78 7 10 37 2259
12 85 92 76 67 860
46 2 33 35 16 1242
30 8 39 51 40 2157
43 96 100 62 23 1514
29 57 2 9 49 739
96 43 67 66 14 2111
99 53 95 22 44 1026
72 85 14 34 2 1537
93 10 99 45 42 935
17 8 28 73 84 395
48 36 48 7 38 278
12 66 9 44 43 708
79 79 21 29 16 842
30 30 40 2 45 1047
