8 50
11 81 33 16 31 41 1 25 1252
35 43 39 69 81 11 100 2 1316
29 70 51 85 60 43 23 10 1180
71 11 30 53 18 20 67 16 1570
81 26 16 23 59 54 11 80 1635
22 47 14 48 66 93 8 90 813
17 15 42 31 38 46 14 73 1196
44 72 15 91 86 74 97 97 1284
85 8 47 37 21 44 61 65 883
71 94 23 56 7 48 47 18 1636
30 18 5 78 10 7 50 83 913
16 96 21 94 45 88 74 63 963
89 81 92 76 17 34 12 18 1233
32 65 20 19 47 35 60 76 1001
87 74 4 20 87 82 13 40 1672
71 91 17 48 69 74 81 54 1618
66 87 85 10 34 81 7 74 1661
55 64 23 14 83 87 71 55 808
13 40 65 67 99 40 69 80 1462
97 91 65 19 44 21 14 10 1073
91 58 81 54 14 60 30 1 625
97 14 76 34 35 47 12 74 1462
1 59 46 9 64 17 94 4 1402
82 50 91 89 15 25 46 36 1832
42 87 37 39 51 9 78 30 1643
82 35 49 49 3 96 100 91 1757
12 35 30 21 87 28 71 10 853
85 80 83 92 46 53 96 66 1147
1 53 64 83 26 12 61 31 1364
6 69 80 85 11 57 23 89 1093
49 62 30 91 92 58 100 31 623
3 18 87 6 52 82 61 38 1066
17 98 38 49 7 94 66 67 1018
97 13 29 81 2 59 15 20 1724
79 90 17 91 87 34 57 32 1660
36 59 13 97 71 95 79 86 1440
14 79 100 49 77 19 22 34 1634
90 26 86 20 6 42 26 4 886
41 59 27 9 71 93 27 7 927
52 89 100 8 57 17 72 44 1071
80 54 44 79 14 58 75 28 1218
90 17 5 44 37 13 79 89 1192
44 2 25 13 25 43 44 22 1854
91 13 13 67 19 11 71 78 1042
43 31 1 15 40 24 44 46 1191
5 93 29 36 32 93 78 23 1457
68 75 97 55 90 67 51 68 966
92 65 79 17 53 18 85 86 1532
66 14 24 49 72 5 97 78 1002
75 80 3 96 78 73 4 23 1530
