5 50
93 64 92 7 27 1578
47 80 95 61 74 1704
98 1 47 50 25 2525
68 69 84 33 22 2503
85 17 60 47 13 2140
50 45 87 58 92 2295
16 13 37 74 60 1701
22 37 26 33 86 1733
6 74 10 41 24 1350
68 18 76 3 20 1649
13 27 29 12 37 1942
6 100 92 90 19 2123
71 79 39 63 15 1479
89 37 86 46 27 2449
93 4 34 72 69 1956
49 58 50 19 41 2219
35 24 46 41 9 1864
17 41 33 60 93 2060
45 86 17 34 69 1575
57 99 10 80 48 2348
35 2 94 73 63 1798
82 95 81 66 3 1829
20 43 13 18 75 1946
57 68 24 46 53 1529
32 65 35 72 24 1639
56 95 32 13 31 2022
19 16 11 87 21 2037
92 52 47 15 20 1697
91 93 65 5 29 1682
13 82 26 79 77 2467
49 73 33 52 52 2537
26 52 99 20 31 1963
86 53 50 17 42 2302
34 14 33 6 10 1937
22 7 5 91 22 1975
87 88 88 49 57 1535
41 68 66 35 21 2501
31 28 80 86 94 2092
38 35 61 40 43 2283
71 92 7 33 46 1932
8 49 84 37 41 1369
89 6 30 38 61 2220
97 49 14 5 33 1702
23 70 76 94 61 2375
41 25 59 3 27 1407
53 36 92 22 23 1981
90 84 18 3 33 2330
99 61 95 91 74 2383
5 7 14 91 90 1938
77 5 62 64 92 2245
