5 50
43 46 92 72 23 850
92 46 53 57 35 544
5 93 30 13 4 584
100 29 72 98 77 418
21 97 50 91 58 724
31 57 85 11 55 392
20 9 74 34 30 780
12 50 18 79 40 241
41 97 8 25 90 1018
84 57 40 54 42 739
29 81 27 28 41 960
52 96 40 79 47 211
2 8 72 30 6 724
77 92 47 65 35 377
25 34 88 92 11 575
75 96 1 70 67 203
68 99 40 69 68 915
34 68 18 62 86 382
36 78 59 71 31 366
17 97 62 78 60 934
2 52 12 81 99 529
43 63 14 90 55 819
45 56 73 95 91 675
91 84 24 5 19 923
84 45 50 35 13 138
51 2 21 57 46 54
5 37 74 5 61 783
35 94 83 94 10 753
85 3 53 94 91 742
61 51 96 82 89 175
56 73 6 4 27 214
100 91 44 80 40 467
19 65 64 61 89 934
17 91 38 13 52 1108
79 35 32 84 19 463
23 27 34 35 1 22
43 86 19 75 95 570
88 43 63 30 75 81
61 53 63 22 23 692
44 62 37 46 76 281
15 29 35 25 17 1143
3 37 98 8 26 120
67 52 51 58 20 151
36 73 64 24 38 831
2 56 29 92 28 297
70 98 2 11 72 684
35 55 46 66 61 502
44 62 47 22 55 131
16 52 20 63 90 463
75 14 90 42 73 567
