5 50
13 6 67 69 79 1345
30 93 45 41 49 1023
71 86 8 21 64 1011
21 14 91 61 44 1191
22 57 42 47 65 976
28 49 5 85 88 1034
82 44 89 30 37 1151
1 58 22 91 15 1311
17 67 37 13 69 1109
44 86 54 13 48 1331
64 61 33 52 26 1203
37 53 99 76 79 1358
83 39 27 17 43 1081
6 30 89 51 87 1056
85 15 52 38 76 1142
75 82 10 88 3 1055
22 22 74 43 42 1035
33 86 81 1 53 1241
42 23 1 29 74 1013
31 37 35 71 54 1371
87 66 53 76 70 1164
48 66 40 99 18 945
56 23 53 3 8 1109
33 50 19 15 26 1148
32 45 97 46 44 1354
58 13 8 65 99 982
36 24 40 93 70 955
23 59 28 65 51 1291
16 70 15 2 76 1162
1 38 12 72 66 1201
9 5 62 51 46 973
27 66 27 70 60 1053
47 96 89 70 28 1166
73 51 36 68 58 1179
22 24 78 65 61 1149
82 29 70 19 3 1156
28 58 100 81 3 1057
90 45 19 33 34 980
6 92 29 8 78 1210
65 15 43 13 22 1084
72 70 69 52 4 935
35 57 24 3 16 1117
61 35 22 83 60 1331
3 96 4 6 49 1055
53 9 89 63 89 1163
97 6 28 39 37 1191
80 10 8 76 61 1274
63 59 8 5 23 971
59 94 26 12 35 959
89 24 47 77 12 1257
