5 50
90 27 99 70 11 2087
87 98 27 1 78 1302
26 56 5 96 93 749
55 74 8 63 57 1586
65 46 3 24 56 587
73 17 48 78 85 2288
36 98 96 44 38 516
85 27 94 81 89 1550
64 31 16 81 12 996
72 83 5 93 42 1444
91 20 92 38 97 2210
10 25 92 33 25 1414
89 15 98 62 50 683
16 53 38 92 50 1644
17 18 69 45 33 1665
98 57 58 40 16 667
60 7 31 21 33 730
100 50 100 32 92 860
76 80 86 20 100 774
82 24 16 20 90 612
85 47 95 6 72 1947
42 68 91 45 24 1696
16 97 39 68 48 1109
61 50 6 59 45 819
78 7 5 46 79 1825
67 21 85 74 36 2226
93 12 84 41 63 549
38 14 64 53 89 1234
53 76 53 19 78 1336
9 50 47 37 65 1922
55 93 5 55 25 1087
45 71 2 99 52 978
36 52 93 88 32 1688
63 24 25 45 40 1352
61 31 83 23 12 828
46 74 2 12 71 1917
84 93 16 89 11 2252
73 12 4 66 67 1227
23 97 35 96 23 1599
78 37 79 7 7 989
39 18 8 69 73 1328
76 84 70 1 3 1843
55 98 85 73 86 1264
36 6 21 49 32 1984
5 7 79 27 69 1521
52 89 87 76 23 1021
31 89 78 66 78 783
32 62 53 79 84 1889
56 23 6 39 63 1271
59 26 34 52 43 2269
