8 50
41 96 13 27 71 16 14 24 693
94 16 64 97 22 24 82 94 1212
26 76 40 25 17 50 59 71 531
11 97 99 91 26 19 83 97 506
70 85 45 69 87 16 23 88 1273
3 82 65 6 32 43 7 73 1193
35 13 2 8 13 94 18 16 685
68 25 54 23 29 22 79 53 334
33 26 34 72 10 18 9 43 655
55 86 60 26 30 1 60 16 516
65 67 11 76 87 15 5 90 889
93 83 39 85 41 24 34 17 1082
5 82 14 83 10 24 92 82 893
55 4 69 57 13 58 75 14 112
73 57 29 65 20 33 26 69 263
85 55 18 46 16 22 48 72 839
58 99 43 95 9 68 64 27 1153
33 100 31 70 92 46 58 12 367
46 19 6 86 71 96 23 18 1409
77 13 6 14 20 43 93 27 1438
89 4 95 71 39 80 16 54 266
52 18 7 42 19 57 47 17 805
96 4 43 56 41 53 41 25 1034
55 41 40 40 65 46 12 81 1066
60 73 67 52 38 94 14 99 1422
65 50 9 28 62 55 50 54 862
63 82 95 2 13 18 96 5 41
9 39 12 12 69 29 50 91 325
62 66 38 50 32 41 56 16 1168
58 4 37 89 30 97 53 43 466
52 36 40 25 79 72 71 27 1376
19 91 62 96 2 47 87 72 480
40 91 14 84 48 49 47 92 604
6 73 43 57 14 9 67 27 521
26 30 36 96 43 59 56 18 1123
60 30 85 61 39 28 11 93 375
76 36 13 15 99 14 59 65 1107
49 95 98 75 14 48 47 71 1361
46 80 1 64 22 60 41 31 269
68 34 99 22 5 92 6 17 368
77 41 44 78 72 96 35 32 1196
24 59 64 91 7 71 50 98 336
63 83 1 17 75 49 87 41 480
75 36 70 61 67 63 32 29 483
75 62 35 14 67 23 21 12 1144
90 70 83 62 84 64 32 25 198
93 49 88 50 6 4 26 49 347
42 13 55 74 37 97 48 73 814
67 67 34 38 60 51 31 53 481
39 14 88 52 45 53 93 55 95
