8 50
29 6 15 24 59 74 75 18 1278
49 41 10 29 75 68 29 6 1064
83 64 56 8 15 62 98 6 1463
89 50 65 97 21 79 64 44 1513
11 62 90 39 65 77 73 29 1518
43 18 94 40 5 15 55 98 1095
53 8 50 9 65 95 84 70 1081
99 12 30 83 40 22 54 14 1261
50 8 34 85 73 59 36 24 1329
96 83 33 72 87 92 72 49 1104
48 99 29 89 82 9 87 62 1356
85 67 53 10 92 14 24 15 1482
15 33 13 82 9 73 69 59 1423
33 77 26 17 35 18 8 29 1390
81 92 48 5 94 45 23 27 1125
71 74 70 59 41 88 28 57 1098
94 28 42 22 31 63 30 70 1273
37 15 50 3 63 6 23 60 1093
52 84 43 8 29 14 36 59 1211
97 69 66 33 86 100 92 70 1083
95 94 42 21 72 28 13 78 1533
42 90 28 54 56 23 33 8 1203
77 78 59 53 86 42 63 35 1395
54 97 36 75 1 65 32 28 1336
14 7 15 36 64 24 38 49 1193
66 61 92 58 70 30 87 27 1195
27 55 55 26 67 81 39 84 1287
59 42 52 91 56 87 54 93 1351
98 78 76 49 11 37 15 68 1452
86 37 90 71 29 10 93 16 1215
95 30 31 78 42 76 56 76 1320
44 95 99 84 28 27 36 4 1189
80 68 49 45 21 1 54 68 1474
94 94 79 82 96 36 53 90 1398
58 32 4 57 88 95 71 73 1281
29 53 72 62 33 41 9 53 1143
48 68 71 73 33 48 27 63 1110
2 83 58 77 100 8 97 83 1319
46 61 96 14 81 29 35 77 1150
22 92 79 57 83 37 2 11 1290
10 51 89 15 96 99 96 19 1373
46 33 75 9 46 13 88 74 1149
7 88 14 31 36 59 60 14 1429
46 55 40 73 33 81 38 68 1429
94 28 27 53 58 61 55 47 1272
41 75 55 63 68 95 43 59 1211
83 61 3 19 39 24 87 51 1107
83 30 16 78 73 32 69 27 1461
44 16 26 65 39 40 59 11 1410
28 86 33 54 6 96 81 82 1474
