5 50
5 21 94 48 74 1359
27 34 3 79 57 1906
100 67 94 42 82 1356
90 52 38 38 31 970
75 58 20 20 77 1187
100 53 45 43 69 1089
51 44 86 34 73 1069
77 60 11 98 36 1932
15 17 57 92 37 1432
48 20 10 56 52 1646
13 98 76 55 76 918
22 5 63 50 73 1523
6 32 42 65 2 1942
92 82 36 82 14 757
92 3 79 89 33 1742
68 22 37 77 90 1872
85 96 45 75 53 1828
50 38 29 92 97 1875
31 92 71 58 60 1558
51 47 27 75 48 816
28 71 27 25 8 1076
83 16 64 5 7 1576
27 39 77 84 74 1177
29 20 19 25 99 890
68 82 82 31 9 1982
33 74 61 100 76 1951
77 30 40 70 5 683
93 17 13 94 72 1110
64 33 28 4 80 1685
2 75 57 23 58 1556
82 92 36 62 28 1376
45 80 60 100 63 1509
10 1 84 86 96 1817
12 76 73 66 90 1608
58 7 81 43 25 1071
74 84 29 66 42 1059
34 75 6 80 12 1888
81 61 79 44 23 1033
78 35 79 35 28 1787
79 95 47 49 38 1126
96 90 37 42 59 960
77 49 45 27 12 1991
25 25 84 63 78 1373
37 25 84 12 69 1681
54 22 99 90 46 1621
74 77 30 37 8 1558
15 70 54 88 63 1662
76 99 95 22 52 1270
60 65 41 74 1 1637
96 69 50 46 9 1273
