5 50
75 27 53 66 94 545
20 83 81 88 97 546
3 20 86 45 25 371
18 97 23 91 98 568
42 11 15 89 50 429
8 87 88 25 10 558
40 50 84 84 4 383
95 36 65 15 94 703
58 83 55 1 56 598
8 71 6 9 64 703
85 75 3 66 27 614
49 4 55 80 74 380
67 72 79 50 29 523
68 92 67 55 69 283
21 63 57 25 43 292
29 60 12 33 55 262
40 40 5 27 57 602
5 90 69 95 66 677
97 72 91 56 75 356
51 16 5 58 89 753
82 4 47 80 98 728
43 31 3 58 33 430
44 62 30 53 99 767
34 20 31 16 1 323
47 53 62 35 34 707
84 11 93 19 9 653
90 46 58 6 3 703
64 88 41 34 97 551
91 79 72 42 48 486
89 67 83 54 79 754
53 24 85 45 50 616
90 71 50 9 41 486
38 38 35 62 98 701
11 10 88 95 4 375
26 23 74 22 89 505
40 25 82 32 35 274
69 19 52 42 56 474
48 26 69 58 9 376
91 51 31 2 91 559
36 2 55 84 51 261
84 98 61 70 36 647
3 3 23 85 50 293
68 26 16 86 2 587
48 4 56 74 18 650
100 49 18 98 56 685
60 40 73 10 39 469
84 74 46 73 16 277
34 51 24 93 48 729
81 92 69 31 92 500
80 95 26 38 7 670
