5 50
61 70 90 39 100 1750
40 42 23 57 29 1924
56 66 2 86 45 2086
85 33 8 27 21 2195
17 79 6 28 30 1967
87 19 79 68 19 1845
67 20 68 25 38 1824
26 15 81 32 70 2039
23 14 32 8 60 2228
70 95 71 35 85 1809
11 53 93 84 9 2058
22 1 58 64 79 1929
30 72 59 30 76 1996
73 37 36 89 20 1803
31 90 29 29 1 2131
8 41 97 4 79 1923
31 42 99 49 87 1967
70 17 62 72 43 2063
35 41 93 3 51 1979
4 70 25 12 88 1848
34 72 82 12 86 1991
2 40 67 52 79 1863
96 68 52 47 75 1866
14 15 1 26 88 1747
18 42 52 98 49 1877
58 2 93 60 41 2149
75 68 8 16 67 2065
19 31 9 45 84 2056
6 60 63 12 23 1759
20 11 87 46 42 1909
68 31 39 7 87 2147
90 68 12 71 70 2024
85 29 25 40 49 2079
70 36 20 63 42 2054
100 72 65 17 69 2063
79 63 57 67 53 1978
87 55 79 76 67 2190
70 32 96 36 40 1922
23 30 10 81 48 1963
73 4 45 74 15 1766
46 9 41 47 68 1821
56 13 98 84 10 2205
18 67 58 37 94 2126
34 27 16 67 73 1906
80 52 62 30 33 2102
69 14 47 70 53 1745
37 91 100 67 87 2060
68 31 86 33 85 2020
98 75 65 62 28 1820
17 22 42 74 39 1895
