5 50
84 89 33 61 83 1316
33 73 45 18 48 1663
43 45 36 19 43 747
3 7 75 65 24 1467
41 48 61 6 59 825
43 22 41 3 75 1516
61 64 90 75 24 690
62 6 27 88 33 1373
36 85 48 43 46 1476
45 75 42 7 40 1665
12 80 3 52 40 860
88 16 44 51 71 1277
41 83 54 74 98 1061
86 88 23 64 83 1393
96 43 30 71 67 1250
75 40 26 78 34 638
36 41 42 25 91 608
5 63 31 37 63 937
41 83 62 11 38 1576
36 47 64 83 53 1133
16 75 32 22 16 748
52 91 14 55 14 733
20 64 14 79 9 708
22 69 31 51 32 999
1 47 66 22 92 1441
42 48 2 37 35 1672
59 4 2 9 38 1588
75 4 18 6 43 1078
70 30 69 50 22 1390
4 51 44 53 18 1324
95 70 84 34 80 760
40 34 95 89 47 1319
60 73 78 67 75 1178
24 56 29 68 47 1595
42 82 78 20 33 1503
32 35 82 97 67 631
32 55 25 90 22 1444
39 96 96 69 88 977
37 8 41 72 97 1206
7 30 56 99 72 688
8 94 56 65 13 1442
69 19 38 57 95 1166
26 10 41 28 3 1548
20 80 58 10 22 1394
20 68 36 40 63 1070
34 87 96 39 9 1255
50 14 18 99 20 1195
57 25 94 76 87 1331
85 41 4 34 92 1359
23 34 83 18 38 1707
