8 50
78 49 51 40 11 83 39 68 862
42 94 85 80 74 93 53 85 1345
92 67 62 23 54 20 8 87 755
66 11 55 26 80 11 15 6 119
74 89 48 87 31 1 44 22 139
54 57 67 97 96 82 26 68 411
79 16 15 26 32 4 47 39 1316
35 36 93 96 25 67 71 55 184
51 41 31 29 33 13 64 1 410
37 26 56 47 70 15 36 45 850
39 50 30 9 76 50 30 71 1544
67 35 36 64 30 59 52 83 1545
40 7 99 59 45 35 50 69 1424
84 42 49 7 64 79 42 65 303
84 21 54 23 18 82 78 72 296
53 17 69 85 87 66 2 45 863
7 81 13 23 8 31 63 5 758
53 88 30 12 94 16 9 87 1046
30 44 55 16 43 8 57 41 477
87 67 43 76 68 26 40 37 479
79 36 21 67 12 21 70 29 430
69 46 42 94 28 88 12 48 739
22 77 31 65 81 23 39 22 177
28 98 28 47 33 25 62 72 1089
20 12 62 99 98 76 49 41 46
25 2 17 9 78 77 32 62 42
38 74 63 73 13 45 35 71 97
64 69 84 73 86 72 70 100 542
90 16 32 49 87 90 77 90 767
75 45 13 14 8 17 56 59 161
88 100 30 37 72 72 30 25 335
87 3 100 87 84 27 37 60 347
49 30 89 52 85 41 80 95 237
9 35 44 56 98 60 14 43 1200
46 15 30 83 32 97 52 59 859
81 91 84 87 93 6 14 25 785
21 100 6 93 78 26 22 92 1038
81 68 82 80 76 84 7 96 1065
90 23 19 69 59 24 100 34 847
70 34 35 96 2 8 55 85 737
98 47 90 93 100 96 38 62 433
77 39 88 88 19 47 81 16 847
59 59 78 75 27 84 82 49 834
6 64 46 66 11 55 92 43 5
36 59 62 33 5 25 9 60 1540
84 21 49 50 85 31 84 74 979
92 96 47 11 62 23 48 84 1364
6 85 96 10 73 85 62 7 1431
60 28 77 21 92 3 19 58 1336
17 19 10 58 84 34 43 55 437
