8 50
80 10 29 72 33 82 40 81 2280
54 35 75 50 86 36 58 68 2685
90 7 49 90 21 27 70 56 2268
40 95 11 42 50 14 14 61 1240
30 29 13 78 44 52 64 87 1034
1 40 88 93 27 96 63 62 2494
96 79 57 48 2 34 17 23 1208
15 43 76 56 2 13 85 37 1920
10 20 7 43 13 95 35 49 1227
87 80 20 7 16 48 91 54 2910
63 4 58 58 97 23 82 10 2469
98 1 29 43 50 4 9 72 2352
98 33 26 75 16 8 56 15 1476
20 83 16 13 37 96 20 9 1904
56 50 18 23 22 66 6 58 2762
28 99 78 43 70 18 82 68 2027
12 14 47 7 9 39 72 82 2736
77 45 44 33 22 99 66 2 1997
37 49 18 39 13 23 36 81 2713
17 35 19 56 86 41 7 8 2014
95 84 1 66 36 60 98 21 2287
100 97 95 82 55 3 85 22 2574
35 40 9 99 51 6 93 42 2616
36 41 38 43 70 43 29 17 1157
27 67 45 76 18 90 95 16 2159
63 44 22 33 100 38 8 99 1114
47 32 20 58 98 46 72 46 1134
95 91 50 95 14 17 31 1 1279
84 54 59 22 61 38 27 28 1437
72 27 96 92 69 89 39 79 1015
63 1 14 29 36 96 10 11 1696
65 92 21 29 86 7 6 43 1478
78 11 14 15 87 36 33 64 1989
33 51 82 89 94 28 91 50 1623
45 95 73 22 27 28 82 32 2845
86 87 80 92 42 77 85 4 1910
49 32 71 95 98 28 94 8 2317
48 31 35 20 52 10 84 78 2303
83 98 1 75 49 34 5 18 1089
27 57 42 56 51 10 9 54 1727
5 90 49 31 48 18 97 57 2764
23 82 36 72 1 81 45 9 1648
3 29 99 56 28 58 39 51 1512
22 86 15 25 63 44 57 48 1629
86 21 57 22 35 94 71 18 2733
93 87 85 93 86 3 39 67 1928
92 14 87 55 6 31 47 97 2458
8 94 65 96 48 37 86 11 1063
65 1 62 24 13 95 15 11 1938
57 71 9 63 100 61 77 82 2496
