5 50
46 21 74 28 64 959
99 8 5 49 90 830
73 42 5 23 18 436
73 66 3 82 24 544
93 12 34 58 70 609
41 4 48 21 40 247
79 60 34 33 73 476
42 56 23 32 41 98
41 36 97 56 92 797
52 82 38 53 78 616
78 66 38 20 63 422
67 6 20 51 12 883
82 83 3 7 5 960
49 52 47 16 69 461
54 18 78 10 91 849
12 98 70 92 49 1
95 18 46 1 15 795
43 12 98 15 51 640
55 29 18 55 50 187
57 96 19 99 32 346
8 82 1 8 33 370
16 95 81 94 45 531
74 95 29 80 2 81
7 73 27 59 37 799
18 1 33 17 72 897
46 8 98 70 14 492
22 5 98 49 69 247
22 70 88 66 57 35
65 87 50 65 74 665
19 42 21 31 70 959
14 81 54 39 14 467
78 33 90 1 53 38
44 2 9 26 27 12
38 82 38 76 24 392
38 50 98 54 42 58
48 83 83 79 31 157
22 76 19 26 60 76
55 44 65 24 66 45
49 51 98 80 28 8
11 14 57 100 6 20
96 80 1 61 25 745
14 4 11 23 48 262
71 8 46 27 16 293
40 56 39 17 54 587
14 30 8 89 27 893
3 68 92 13 31 517
15 11 65 6 89 138
37 16 45 58 17 124
59 55 99 50 46 344
85 47 94 57 7 79
