8 50
34 20 78 87 48 49 100 73 997
69 31 64 62 9 74 87 96 181
56 2 40 50 98 84 48 31 276
11 55 4 6 22 86 91 51 344
43 69 69 18 29 70 100 32 1025
17 47 84 94 45 17 82 73 337
52 39 17 74 39 7 75 17 306
7 55 71 89 87 84 85 93 291
36 63 63 98 39 61 86 96 1015
36 49 93 30 29 3 13 50 807
92 40 48 88 64 55 96 53 111
21 66 2 11 43 93 96 31 1057
69 93 7 72 26 69 81 66 552
80 26 77 97 71 25 75 87 960
24 85 22 87 10 25 93 15 1055
85 10 10 64 70 65 29 13 852
18 28 61 54 74 31 62 94 429
93 41 6 87 88 26 13 92 817
15 95 35 66 77 96 13 27 338
82 58 14 41 51 9 79 7 564
10 40 61 57 6 74 7 44 914
73 67 55 24 64 15 41 21 849
55 98 29 55 73 9 60 30 1078
90 16 83 96 3 25 39 25 185
26 75 92 26 11 83 51 65 20
98 47 81 32 19 84 98 14 592
50 93 62 49 6 28 71 10 140
95 69 27 23 86 4 96 99 606
34 92 13 3 53 1 94 51 1078
5 70 19 67 12 52 53 91 259
29 89 33 72 23 72 5 9 848
46 4 4 8 24 59 66 42 156
90 17 96 98 60 93 29 84 178
19 27 13 17 36 63 100 56 1030
39 37 51 52 6 54 22 9 179
7 86 81 5 45 29 57 80 544
66 87 58 53 100 51 43 22 884
9 19 87 70 55 18 65 30 971
82 90 6 78 41 9 7 16 185
62 50 7 36 49 43 10 90 730
57 77 26 42 44 54 52 11 700
6 54 78 10 37 41 100 79 520
76 16 100 8 81 30 71 44 196
82 77 69 51 3 21 24 1 395
8 40 8 36 98 6 69 42 559
92 47 65 89 18 11 83 88 67
30 82 77 95 53 32 58 31 972
61 18 71 69 80 6 91 51 335
23 31 20 75 72 73 97 90 322
1 19 72 28 38 37 60 22 174
