8 50
88 5 47 68 83 55 74 25 1185
21 11 74 17 100 78 63 96 1031
9 45 95 70 22 2 61 34 1330
89 82 92 78 54 72 65 45 1039
15 44 55 69 93 44 69 94 1566
30 48 77 51 97 72 77 31 1029
69 53 55 71 34 83 53 58 863
96 45 96 4 18 26 4 40 1871
26 73 25 44 9 43 56 30 1371
17 19 77 72 45 65 48 47 781
93 39 61 21 3 85 12 16 998
57 7 81 30 12 44 93 38 840
68 65 53 59 49 55 10 64 1839
82 49 94 12 11 57 8 47 949
56 61 82 72 96 93 47 80 1200
16 63 87 18 1 86 7 5 859
79 71 48 52 66 12 36 40 695
44 34 22 67 61 38 45 18 1780
56 91 33 76 87 14 57 70 871
4 82 68 34 89 35 50 84 1457
81 48 61 21 52 100 65 54 1204
13 13 75 1 65 54 12 98 1279
7 43 70 13 50 13 39 54 1484
71 4 90 37 47 35 22 71 837
83 95 24 68 98 60 57 50 1020
79 67 4 6 32 41 57 70 886
78 30 29 35 66 14 52 20 717
51 12 65 54 53 20 16 73 1231
13 18 46 87 6 63 36 88 1171
23 79 45 46 38 28 18 38 842
25 83 95 22 15 28 12 68 1784
69 62 43 15 81 43 55 52 1088
54 93 14 80 70 67 51 76 1204
45 46 7 46 63 35 33 50 1329
87 31 91 54 16 60 35 46 905
32 88 62 11 16 87 56 15 1111
8 77 24 74 31 52 13 39 857
60 100 45 96 22 69 65 38 677
98 85 22 12 23 69 98 55 1763
38 23 97 66 74 22 30 18 632
29 62 57 65 93 27 95 83 1499
46 16 27 21 36 30 75 50 1023
100 55 70 2 94 76 68 41 1310
69 18 73 4 42 8 49 34 1323
58 83 63 45 99 20 31 29 1450
25 42 98 46 93 76 81 18 1806
98 97 29 74 58 56 45 1 761
27 87 89 13 14 2 49 17 1720
23 49 13 10 95 54 51 50 1027
42 71 81 89 21 20 1 18 1223
