8 50
43 77 55 44 79 85 33 91 49
51 48 1 86 10 32 6 24 1218
33 17 42 89 32 80 70 80 517
59 71 19 93 12 32 93 80 1240
54 88 16 44 27 50 62 19 669
10 20 51 49 100 31 78 3 1073
80 17 93 58 52 24 20 84 1106
86 58 78 78 67 68 60 43 248
47 59 26 44 5 27 23 89 687
68 78 98 58 18 25 54 37 1420
96 69 59 23 58 1 10 25 366
37 50 84 34 58 39 86 58 847
97 82 3 72 21 78 52 76 1456
65 26 84 58 32 39 20 59 524
41 57 54 1 35 60 2 24 589
15 96 15 8 42 37 58 52 713
12 61 92 98 100 30 63 8 1271
34 89 31 97 87 95 33 92 180
4 10 80 12 42 39 86 89 1141
52 61 8 85 17 50 2 46 268
60 84 53 27 5 43 99 6 531
6 69 52 30 6 15 17 17 701
64 74 89 51 83 52 95 87 936
9 55 19 92 66 34 44 48 886
70 55 66 46 49 41 75 18 966
37 88 47 22 89 53 68 73 1042
66 42 23 54 11 37 96 6 459
5 8 20 62 42 9 81 93 1176
1 27 98 73 19 85 44 43 1418
80 12 32 8 53 63 85 57 413
80 94 44 98 85 36 59 95 580
24 95 75 3 83 27 81 38 460
69 34 71 8 83 61 62 42 1482
14 95 78 1 85 64 38 53 324
8 55 98 35 45 56 90 26 1170
11 75 63 30 100 41 48 98 142
23 94 23 88 21 26 20 31 623
15 36 79 52 21 39 29 72 362
10 99 51 56 44 33 34 26 1331
37 58 22 100 53 33 85 78 966
38 5 83 25 22 68 80 49 409
52 51 41 22 78 38 35 46 1276
8 84 56 58 9 6 3 16 817
2 99 34 72 79 88 6 41 1450
18 85 30 38 21 76 72 96 1094
56 71 33 11 11 12 100 4 553
20 17 88 81 48 77 13 3 835
2 38 76 87 57 87 53 40 621
60 60 30 52 98 32 65 61 1198
19 78 35 90 92 9 3 26 281
