8 50
73 14 87 26 98 53 53 73 704
52 82 80 92 16 23 69 25 352
32 84 76 89 70 28 59 66 926
27 17 64 30 85 62 14 32 959
87 74 35 94 83 35 93 11 800
20 28 18 37 9 40 26 71 250
73 41 51 33 1 56 17 24 1036
7 13 1 96 48 80 70 11 782
76 13 78 91 72 26 82 23 0
89 59 29 14 19 43 27 84 347
85 64 53 82 35 7 7 92 1158
75 77 20 53 72 29 29 57 638
92 31 73 69 34 76 20 77 334
19 95 42 98 68 4 50 54 120
19 86 38 4 65 94 77 10 228
5 18 25 45 55 91 6 88 1079
87 96 35 77 87 94 42 17 998
62 96 73 1 87 78 79 53 71
97 16 47 59 68 17 21 31 1105
36 12 43 45 68 100 22 60 659
78 83 37 22 97 72 92 100 871
75 21 61 92 60 78 75 59 147
66 24 84 4 98 64 37 82 469
72 39 27 53 3 42 8 7 735
15 2 6 40 10 90 59 97 497
44 72 70 33 18 100 70 30 562
10 90 4 90 97 39 97 3 743
81 47 88 63 64 26 33 47 93
79 31 99 64 60 16 35 84 1041
54 79 25 87 75 96 71 5 417
9 96 24 93 52 69 82 14 43
99 92 59 33 75 11 8 72 227
19 19 92 85 58 65 19 22 558
90 83 38 39 26 1 94 65 891
43 24 15 89 34 36 44 80 1050
94 25 31 14 72 79 86 84 190
46 86 84 59 99 14 52 78 90
70 55 76 39 51 73 93 68 707
60 96 42 47 65 2 78 8 1074
98 7 21 87 75 60 91 33 1084
7 87 3 35 29 87 82 100 337
76 41 36 30 42 54 97 89 274
4 2 92 63 44 20 20 51 876
11 2 65 58 52 75 22 79 958
12 16 30 24 39 64 32 49 630
23 87 1 17 44 9 77 73 76
51 2 10 27 91 29 12 39 23
29 6 62 98 87 32 19 60 972
72 31 73 62 73 41 30 92 655
91 43 12 34 15 18 7 82 56
