8 50
84 92 2 58 97 47 68 42 1670
85 22 70 95 44 9 34 17 610
80 16 69 20 99 47 64 43 914
26 80 88 12 27 93 19 49 1859
17 34 15 28 35 45 15 15 283
74 92 36 57 91 15 29 8 796
84 83 37 9 1 94 92 77 363
19 52 9 27 24 53 32 9 903
74 40 28 8 68 67 14 14 2100
33 40 55 67 96 47 74 3 972
71 9 49 53 88 48 89 68 1662
49 44 16 5 31 66 40 22 2115
97 24 85 53 78 100 99 32 2137
44 68 75 43 91 72 50 18 812
21 41 44 25 63 23 7 82 1787
48 46 37 62 52 14 93 58 265
4 38 85 87 24 17 76 4 772
93 84 34 3 52 52 12 14 1321
46 36 51 59 78 17 41 26 299
52 16 83 78 71 27 50 99 1699
38 72 89 91 85 78 61 78 847
95 66 89 90 7 25 25 94 1525
27 18 58 54 36 15 28 89 1721
57 15 62 62 92 94 77 41 2019
42 85 12 76 55 27 43 47 1541
97 92 27 40 100 56 88 7 1209
70 79 44 67 55 24 39 65 957
63 43 4 49 31 55 83 18 633
62 4 95 14 9 96 17 46 1381
49 15 22 90 55 61 14 48 1201
20 83 41 49 34 34 95 100 560
99 67 94 72 89 66 11 84 1044
73 94 33 5 3 36 21 91 345
62 19 38 67 12 44 54 89 359
53 29 10 16 57 91 83 82 2064
27 93 46 86 80 43 86 30 542
15 91 83 78 13 52 96 42 1500
48 96 68 60 64 56 98 46 750
42 55 3 44 20 60 4 73 1447
77 27 60 79 69 81 35 33 660
96 98 20 56 28 5 96 72 1448
51 2 24 51 13 10 79 48 391
93 31 23 70 72 57 26 55 988
39 82 28 67 37 69 27 40 1489
88 57 49 56 50 68 13 28 1552
15 68 77 90 49 34 3 2 1272
80 2 3 25 39 22 96 80 1395
75 38 33 27 10 75 73 47 1013
63 10 30 24 68 76 11 7 299
48 28 88 49 74 8 18 60 2036
