5 50
55 89 90 68 62 2097
42 63 99 10 51 2212
6 40 86 32 18 2266
98 39 26 72 33 2279
17 25 71 63 97 2013
87 31 87 94 52 1899
17 35 54 52 27 2259
16 99 34 33 87 2033
47 39 30 70 100 1861
41 42 64 28 20 2150
72 29 44 18 92 1986
89 97 10 96 14 2300
4 53 38 4 50 2091
75 80 49 19 99 2051
15 25 36 76 89 1814
96 39 78 82 5 2257
26 38 44 69 86 1829
49 82 97 37 20 2220
70 32 61 4 83 2222
56 48 74 33 38 2134
65 34 22 36 57 2279
47 65 20 85 14 2309
77 94 17 52 32 1850
46 26 61 36 54 1842
60 35 86 48 75 2131
11 57 88 47 46 2296
58 97 26 29 66 2282
41 52 45 99 82 2169
73 53 70 87 82 2001
83 100 59 93 31 2253
19 24 6 29 56 1977
75 30 44 75 23 2276
39 97 11 43 100 2224
10 66 76 27 48 2269
83 71 4 100 78 2194
35 60 33 67 13 1955
89 65 67 93 80 2024
84 16 32 88 73 1974
20 6 13 92 3 2184
70 1 100 76 40 2159
50 50 60 75 68 1985
57 49 15 88 19 2101
3 92 36 68 20 2130
35 9 70 53 16 1949
23 1 75 41 20 2045
40 31 14 84 54 1876
50 54 11 26 96 1896
25 92 57 3 54 2095
60 10 30 47 26 1822
48 18 50 85 70 2139
