8 50
54 52 54 3 60 81 73 5 1940
75 39 78 43 77 58 22 86 2386
86 94 31 93 100 67 1 69 2041
97 91 4 6 36 30 70 40 1749
43 47 32 54 27 86 46 67 2048
84 37 95 77 2 79 90 18 2168
92 29 35 29 88 75 17 30 1520
40 59 40 77 92 55 70 93 1852
40 53 93 80 22 58 51 61 1464
67 4 44 36 79 49 96 69 2212
18 12 59 28 22 34 61 72 2331
93 11 1 63 55 54 55 16 1687
85 50 17 66 28 51 47 36 1865
40 8 79 25 62 26 64 19 2009
20 21 49 2 93 90 84 94 1723
81 68 91 37 82 87 63 90 1714
90 54 23 15 14 72 84 76 1518
4 49 86 32 38 45 9 83 2044
71 6 93 20 89 6 27 37 2047
7 79 50 73 87 34 48 2 1631
84 41 96 60 50 37 92 76 1507
30 95 26 40 52 62 33 53 2421
86 9 13 74 27 57 14 49 1568
51 95 21 31 48 55 24 17 2389
2 91 96 20 67 17 88 72 1973
75 78 27 21 14 10 86 98 2664
57 44 67 79 82 5 57 16 2393
38 95 54 95 37 26 49 70 2274
97 48 47 40 90 30 48 74 1859
34 95 21 4 23 71 41 22 2695
25 54 85 8 94 93 24 73 1503
7 29 95 39 53 8 76 38 2017
59 89 81 88 70 75 59 96 1959
51 8 76 77 11 82 58 40 1773
37 79 29 92 63 77 62 86 1661
38 8 33 30 24 71 72 5 1969
30 20 29 23 55 68 70 62 2274
14 82 63 51 39 23 16 41 1890
89 94 68 52 18 97 81 100 1948
92 44 56 90 6 40 95 98 1530
26 50 97 29 53 73 46 5 2555
20 78 55 95 58 59 49 84 1886
54 9 73 100 82 9 35 98 2611
39 49 91 100 84 56 51 45 1534
41 52 55 80 5 71 1 60 1841
16 54 100 32 84 68 39 74 1460
82 59 54 71 72 18 37 41 2407
98 31 68 63 37 69 37 23 1683
17 96 12 5 38 24 75 8 2000
54 4 10 47 94 48 59 86 1661
