5 50
55 21 85 45 85 585
80 93 84 63 40 327
30 90 49 84 65 368
92 80 57 11 1 522
21 42 45 77 48 698
69 58 87 68 61 335
71 83 52 37 39 598
41 43 62 87 22 513
96 32 81 36 58 399
15 5 43 34 79 456
18 79 57 16 21 384
95 59 60 11 89 672
19 61 38 43 5 713
16 70 60 58 2 656
44 19 63 5 11 662
63 45 50 89 12 366
63 68 71 44 100 666
89 85 29 19 79 624
52 78 80 38 82 575
53 77 28 59 89 380
21 58 56 60 11 425
73 76 70 18 35 258
14 62 28 70 90 668
55 1 17 63 55 337
25 62 61 5 64 312
84 82 25 92 63 546
38 93 32 48 87 597
48 17 29 82 57 342
94 76 47 17 16 308
15 19 81 13 52 375
20 40 68 30 41 280
24 58 92 59 94 483
35 87 91 43 72 636
26 32 80 19 17 308
91 69 100 15 26 703
58 43 10 50 94 634
6 46 24 9 32 582
49 78 35 62 48 634
1 21 85 86 89 370
16 32 79 29 8 273
51 98 17 90 8 367
23 89 25 22 14 257
98 9 59 20 43 701
9 66 5 10 7 726
56 45 67 54 86 530
27 90 31 12 54 278
16 75 41 46 26 418
11 71 40 49 45 511
56 5 65 15 64 378
56 84 13 77 28 311
