5 50
61 51 92 19 62 746
83 56 36 3 55 1537
96 59 84 48 37 1588
77 81 75 12 24 1243
28 25 40 48 7 941
75 22 33 78 4 653
12 100 81 13 27 1875
59 78 13 32 29 1216
4 11 33 42 44 695
12 35 43 86 54 1396
82 57 16 29 85 1405
8 87 20 32 41 931
31 87 91 63 75 1565
42 47 66 99 26 709
75 33 65 90 1 1316
18 71 54 41 96 985
68 94 23 28 37 1677
65 4 87 84 20 1377
93 15 81 52 83 1313
27 53 77 22 28 863
49 7 56 21 96 636
94 61 31 87 60 1512
49 10 60 81 77 970
98 1 48 38 85 1521
87 33 58 49 90 1524
34 68 77 46 9 628
34 40 62 38 89 1612
57 69 69 92 32 1333
26 19 25 49 96 1565
46 77 67 2 26 831
31 64 47 97 98 1541
51 33 69 62 88 1311
51 12 28 75 21 818
68 84 92 46 81 1183
60 50 4 84 2 1864
70 35 69 7 6 718
11 15 66 1 8 968
70 43 34 95 61 1364
16 97 91 5 63 765
76 51 46 90 38 1329
21 9 19 16 43 972
37 84 17 98 78 1739
2 100 41 27 24 779
7 79 55 3 54 1326
39 42 56 60 82 760
28 85 60 89 83 686
27 28 82 48 7 1771
71 13 64 47 93 983
100 21 20 100 86 1350
10 30 76 27 3 1501
