5 50
36 92 4 64 19 955
4 34 50 48 48 436
19 77 53 25 85 368
59 13 65 47 1 31
4 29 15 34 42 45
17 41 12 4 71 287
18 36 2 80 44 882
8 70 99 20 74 98
100 43 39 70 10 307
37 77 44 25 6 732
83 48 41 27 61 656
14 25 25 47 17 838
51 69 7 93 75 215
37 42 15 81 36 612
98 10 44 20 57 700
32 4 25 8 95 984
92 52 2 33 73 195
65 62 28 57 65 641
38 6 87 35 85 1010
80 78 86 88 13 239
32 26 84 42 45 142
51 47 95 4 11 497
56 68 74 14 56 870
85 12 5 91 59 544
53 78 74 29 25 446
61 70 61 8 27 604
69 62 95 50 71 682
13 3 21 19 59 715
66 21 83 71 38 101
17 69 32 92 6 887
32 6 2 22 11 733
4 32 61 100 88 889
68 9 36 94 65 1034
10 69 85 29 57 696
80 27 37 70 64 286
32 24 27 26 10 216
34 52 54 88 4 755
96 73 19 69 53 789
25 64 3 86 79 469
12 62 72 39 68 622
8 99 1 41 54 563
67 26 66 81 27 967
9 87 57 24 7 555
82 26 80 17 100 751
20 77 12 15 32 107
65 45 85 63 100 770
54 31 63 32 24 1022
75 48 19 11 39 663
33 6 39 71 30 618
65 93 80 48 63 407
