5 50
58 1 56 25 67 991
24 34 99 9 33 1844
87 53 4 32 50 1555
49 19 68 16 65 1778
31 37 89 38 27 632
37 68 48 71 2 1130
84 21 22 13 43 1633
12 100 25 87 41 1648
16 5 16 86 70 1285
14 41 71 48 53 1748
50 13 82 32 37 1151
99 60 71 55 74 737
23 53 10 23 86 738
44 61 71 19 69 1516
84 86 52 51 36 1087
39 47 43 29 71 1772
30 60 82 92 51 1464
96 96 60 55 15 1280
8 94 83 62 6 1745
84 39 10 22 61 1848
7 30 100 77 60 1332
6 66 91 64 22 1360
23 86 76 7 93 1778
23 36 28 36 78 1412
56 19 29 63 6 1139
77 56 43 88 91 1310
74 63 40 63 61 1333
92 89 6 57 39 926
44 39 14 27 14 1454
4 99 50 31 39 1088
39 56 56 1 55 1170
26 49 26 95 81 1210
78 3 32 16 63 1572
71 77 19 5 19 1229
64 78 71 66 52 973
79 49 69 84 40 945
91 59 47 99 58 1665
79 26 54 27 21 1122
49 21 4 90 85 1268
85 74 8 17 52 1425
15 77 12 54 93 1469
23 67 66 28 76 1578
72 85 65 99 50 989
90 42 3 53 40 1396
48 90 60 24 2 1305
32 57 21 72 9 940
97 92 39 12 33 840
39 51 42 48 55 1209
43 39 54 2 96 759
51 29 50 1 51 1198
