5 50
86 20 92 13 98 830
40 75 35 31 30 700
21 90 12 72 20 1153
69 4 70 36 28 751
15 98 100 49 78 242
77 23 60 99 27 1
37 34 41 62 72 915
34 55 26 62 84 1395
15 88 56 26 13 159
53 72 24 20 68 678
94 44 64 40 84 945
46 17 91 32 36 437
81 26 50 93 80 1345
54 30 23 83 58 1394
75 98 42 41 93 79
23 45 78 49 53 700
34 27 26 87 32 694
96 54 3 71 64 45
17 5 94 88 32 1541
42 93 82 54 70 1059
57 99 47 72 16 687
77 99 78 13 8 1392
6 17 48 87 63 1316
81 70 5 14 72 1346
76 85 69 79 64 356
62 90 50 71 43 922
55 1 68 34 50 1526
14 70 16 95 18 93
98 81 71 90 3 1198
59 30 47 42 28 475
73 85 95 43 40 998
99 65 20 41 28 784
98 33 2 99 90 1122
35 63 45 2 85 749
96 27 30 29 14 24
90 68 25 75 32 399
31 81 46 51 66 551
33 71 96 19 50 453
5 68 62 16 90 1181
9 46 58 39 28 616
45 49 36 22 59 1046
70 76 81 45 3 309
37 12 99 28 59 334
57 84 22 62 34 1011
32 95 13 38 47 941
63 68 38 8 47 32
74 8 64 4 43 87
78 48 38 76 69 274
36 14 45 91 61 719
92 9 100 13 73 1178
