8 50
62 12 23 46 90 41 26 75 2475
39 20 38 86 16 2 56 7 1526
57 63 64 2 100 76 28 52 1685
13 53 62 48 33 94 53 89 1773
58 30 83 87 59 97 54 29 2213
21 79 92 14 43 59 56 18 1783
46 88 7 79 76 1 23 47 2609
2 36 13 85 39 42 93 19 2101
22 1 90 54 59 81 35 16 1918
7 99 85 21 10 31 97 49 1980
44 1 1 64 46 23 7 28 1538
45 21 30 51 5 5 99 33 2040
20 47 25 28 29 67 40 4 1768
39 74 31 22 29 7 54 15 1831
68 19 87 94 90 66 39 10 2060
53 39 68 69 35 30 44 6 1386
48 46 20 36 90 26 82 26 1572
91 11 100 6 92 65 66 89 1914
57 40 57 81 33 51 45 2 1594
59 76 72 29 9 71 68 74 2606
92 20 63 8 33 94 5 66 1550
62 65 10 68 4 26 8 34 2182
15 14 59 76 6 64 59 36 2548
29 95 74 31 88 7 83 26 2300
74 11 26 84 2 75 61 100 2042
49 78 2 81 76 3 93 35 1461
7 3 93 40 94 91 46 31 1599
90 76 58 85 39 22 36 82 1949
2 5 68 45 14 37 33 62 1988
7 5 3 88 4 78 5 72 2214
60 89 42 4 83 82 78 35 1695
27 51 91 100 47 96 13 10 2333
18 8 71 43 67 16 78 11 2568
88 82 27 6 57 97 28 44 1552
26 99 15 45 11 91 63 18 2486
59 28 99 70 35 73 32 8 2201
92 39 65 41 36 76 57 29 2261
72 61 40 95 50 70 18 76 2264
90 45 36 10 93 96 77 73 1934
58 71 92 55 75 33 18 99 2087
83 66 3 71 6 17 28 52 2039
100 78 63 86 43 79 34 19 1887
94 19 85 20 22 83 99 51 1398
100 20 31 91 83 53 31 57 2203
88 41 89 79 11 3 59 14 1997
75 86 100 55 77 31 69 46 2504
45 97 26 39 65 63 82 94 1477
18 35 100 89 88 7 67 86 1543
54 64 50 78 58 99 84 32 2320
94 47 11 47 30 2 91 20 2237
