5 50
66 77 52 97 83 1398
30 11 62 66 63 1457
62 9 88 18 61 1114
48 14 84 94 70 1250
35 37 68 87 2 1264
64 82 5 74 16 1283
26 36 19 63 15 1448
69 74 40 63 33 1467
84 56 61 28 24 1214
32 94 92 67 78 1250
7 46 59 53 38 1128
40 22 34 100 20 1476
67 49 94 64 90 1338
95 39 58 41 80 1384
18 6 99 36 84 1310
10 100 18 19 73 1373
90 25 36 71 42 1384
3 34 56 6 19 1380
73 30 49 69 86 1305
29 43 39 51 9 1342
7 90 34 62 98 1230
67 69 27 99 96 1108
36 75 19 10 26 1185
1 41 75 93 50 1086
98 46 8 5 17 1304
22 94 70 87 61 1174
49 57 97 67 24 1133
52 18 9 61 40 1447
26 66 1 25 3 1355
79 25 50 43 1 1067
69 79 54 77 87 1448
30 90 99 70 63 1319
77 24 99 59 26 1336
49 56 37 97 55 1373
39 69 19 12 22 1460
88 33 77 52 19 1096
29 98 38 74 75 995
71 56 24 21 8 1075
45 33 9 56 70 1151
31 38 29 81 53 1282
61 95 89 21 41 1412
66 26 71 13 52 1378
29 6 5 32 30 1350
72 37 84 99 53 1422
53 5 77 4 27 1197
21 2 80 73 79 1031
5 39 78 22 93 1047
28 53 76 30 23 1022
28 49 46 27 78 1006
48 27 52 62 8 1410
