8 50
59 65 11 87 64 31 54 56 934
3 48 91 89 16 39 19 61 1480
84 8 76 100 40 70 70 52 761
51 43 26 93 26 11 53 73 1358
20 93 24 60 40 96 84 46 803
6 41 52 84 23 22 44 96 1281
4 79 72 83 65 70 1 45 343
19 24 92 28 36 46 97 100 263
60 9 29 47 12 30 55 35 90
71 32 15 76 33 11 33 4 901
43 65 77 48 86 23 86 49 1469
76 31 60 66 92 39 40 68 1204
13 37 11 28 45 68 88 55 707
30 9 62 48 90 3 81 21 1466
91 84 94 75 49 49 89 60 988
95 68 82 13 3 24 75 93 766
62 24 26 87 36 48 26 31 546
67 88 10 60 34 66 45 8 1007
24 6 99 61 1 36 33 66 558
100 22 51 53 10 3 54 83 645
4 67 4 25 11 76 6 50 861
79 64 26 52 73 40 100 88 228
96 92 46 40 50 44 30 20 1285
32 70 31 80 51 81 16 43 1495
17 50 52 53 31 65 51 92 712
12 26 76 9 79 28 19 46 481
44 18 24 31 8 36 21 65 288
9 41 97 68 68 70 58 36 216
98 45 48 91 89 95 14 70 1151
96 78 4 26 24 11 58 60 610
56 48 68 95 15 77 66 45 162
37 48 26 69 27 46 36 59 1186
27 8 77 76 8 17 99 87 1042
73 44 59 12 44 70 4 72 376
68 33 16 70 47 4 84 93 1070
66 94 41 77 2 92 60 30 190
97 18 66 15 47 17 37 75 1432
73 36 1 82 43 87 62 50 647
65 43 16 7 77 86 16 72 1171
98 34 3 2 28 94 69 67 309
82 36 84 100 96 53 16 63 925
3 17 61 68 21 46 63 92 440
81 36 21 34 43 34 98 42 1206
84 39 47 27 4 38 89 82 1176
76 82 70 31 74 50 50 6 387
54 72 44 78 14 9 32 56 1340
98 21 95 92 82 91 53 56 777
55 6 82 53 64 85 37 77 331
17 92 73 89 37 40 72 20 69
68 42 29 65 87 66 80 30 807
