8 50
5 18 72 46 84 55 83 13 2049
66 96 66 45 79 87 10 26 1597
92 9 97 48 44 48 47 24 2710
31 33 66 14 99 20 27 30 2671
21 82 34 39 22 14 29 36 1755
79 51 97 85 54 48 34 54 2153
97 41 20 43 92 33 82 51 2082
66 89 26 73 88 8 21 20 2375
90 55 64 45 74 11 31 43 2063
66 9 17 57 40 13 20 56 2113
100 42 35 39 66 81 45 2 2046
32 12 64 96 78 33 65 87 2373
52 10 34 69 76 23 89 88 2362
84 38 19 9 54 31 53 6 1755
91 1 45 17 13 71 93 100 1720
16 30 51 55 75 94 80 59 1677
82 11 79 4 87 98 80 28 2468
53 96 54 5 28 58 60 49 2550
99 93 51 10 2 88 60 33 1830
12 32 24 2 8 68 97 28 2050
94 77 27 84 20 91 63 88 2110
33 28 38 58 50 53 45 94 2142
20 15 75 60 89 59 61 25 2265
78 58 9 9 24 38 97 54 2543
2 89 2 99 7 35 70 19 2338
20 9 83 94 96 20 25 84 2184
89 27 75 65 82 85 49 60 2312
79 75 32 97 25 25 67 93 1488
59 14 24 47 32 97 50 8 2185
45 65 26 58 25 4 95 90 1877
76 8 67 31 9 74 94 27 1952
47 75 13 64 61 28 75 37 2194
53 45 38 50 66 58 58 41 2054
78 16 66 11 50 21 95 54 1827
87 62 93 88 17 5 43 8 2577
22 8 30 95 77 16 65 6 1666
44 65 56 39 66 1 98 69 1476
89 39 31 91 71 62 42 47 1873
99 18 27 75 7 71 88 56 1562
40 76 61 91 97 37 62 25 1532
91 83 76 97 45 55 51 44 1660
19 70 46 92 44 60 67 5 2398
92 64 36 48 67 31 98 20 2683
12 43 74 66 1 74 1 76 2086
27 95 32 22 33 84 39 77 2280
48 64 58 84 73 87 74 32 2655
82 76 81 82 37 90 20 82 1632
19 30 67 18 89 88 26 80 2606
53 24 83 97 78 95 37 54 2061
87 6 15 25 85 22 51 96 2177
