5 50
53 15 10 54 7 1396
10 16 39 10 22 1025
96 13 38 49 5 866
98 84 24 21 79 1201
29 71 40 43 8 975
74 28 78 30 56 1251
46 78 65 15 92 1847
18 11 83 21 68 1176
85 72 64 24 87 1299
72 21 17 81 78 1519
32 100 34 100 56 1829
75 80 35 19 85 868
89 52 98 19 76 631
21 31 4 11 42 1297
77 39 92 46 92 1337
56 45 85 38 22 1673
17 18 10 57 15 715
40 26 60 37 24 737
2 48 98 78 15 799
17 23 90 57 28 675
84 13 72 11 85 1028
76 80 29 74 98 1857
16 57 24 9 21 1664
100 37 83 12 48 1577
80 66 37 40 93 1601
25 8 29 33 56 1806
12 16 53 50 98 652
61 79 6 84 6 1393
14 21 55 85 63 1395
93 54 89 15 81 1771
4 16 71 95 4 1681
12 82 85 26 67 1629
30 77 61 93 54 1622
75 51 32 50 64 1668
76 55 79 28 19 1072
66 53 68 85 25 1137
70 22 3 31 36 1037
96 38 53 90 51 1527
90 30 35 51 55 1090
34 32 7 31 82 1424
7 63 51 22 99 1427
25 47 45 10 8 1827
73 84 5 26 73 1799
49 27 42 93 26 1685
84 77 85 79 59 1027
32 36 80 46 97 1410
37 67 45 93 23 882
56 46 87 45 30 1763
47 7 68 77 100 1238
77 86 88 23 11 653
