8 50
83 1 56 49 4 46 50 57 1283
52 61 1 83 5 35 70 37 1482
9 19 55 22 89 56 71 3 1624
12 4 34 17 10 75 57 99 1342
98 29 11 77 17 92 8 43 1568
28 45 60 72 40 36 56 73 663
11 33 32 63 22 14 13 72 1071
13 27 29 72 30 37 3 62 1208
70 82 61 32 16 16 78 1 648
23 32 53 53 46 20 43 26 1416
22 48 61 62 56 66 98 75 907
20 21 34 18 74 63 87 63 1378
70 9 22 25 97 94 29 17 1701
37 14 64 99 81 54 2 53 1205
30 57 53 38 97 93 88 34 1202
3 6 16 17 85 74 49 73 1334
3 82 39 11 39 7 76 8 1621
74 41 7 56 47 8 42 40 1289
95 44 48 57 67 10 82 100 1321
32 27 67 43 32 25 9 95 1328
81 28 51 68 11 79 76 94 1451
41 83 24 58 73 27 89 44 1204
8 16 19 2 48 46 65 53 1575
16 84 12 86 35 17 28 71 965
16 100 90 19 33 5 31 56 1433
80 4 87 55 7 62 10 86 674
3 69 61 5 66 33 24 13 795
98 68 34 20 33 22 14 68 663
24 9 52 4 13 90 23 76 626
37 57 90 9 12 73 17 16 622
14 60 2 77 73 78 99 24 652
60 28 77 67 20 51 85 54 650
25 88 62 43 43 10 12 68 1611
61 53 95 35 10 62 3 20 740
46 1 62 84 7 62 70 70 1401
20 71 86 30 74 60 71 65 799
6 28 3 40 38 16 100 46 620
40 94 58 92 39 35 3 80 1013
70 63 90 37 90 40 98 27 592
100 58 24 96 28 10 15 65 859
28 78 56 83 64 68 37 56 1022
93 69 25 94 24 72 97 82 1590
32 71 29 97 32 9 54 75 693
86 12 91 67 34 69 69 23 1648
87 10 28 4 7 31 82 73 1269
14 64 74 32 13 98 14 5 688
46 44 52 38 63 4 19 58 1191
74 10 43 94 64 12 66 1 1669
79 87 87 23 40 13 76 76 900
29 51 12 50 1 40 20 28 1086
