8 50
79 67 52 84 69 82 8 94 406
93 9 43 65 89 19 98 16 397
96 49 80 49 64 72 29 83 386
48 22 95 55 66 87 44 20 572
46 34 76 2 68 69 7 61 1033
13 89 61 7 4 77 88 25 841
42 54 81 17 24 7 99 34 856
22 9 80 64 79 54 62 79 186
59 66 77 50 38 50 38 90 373
3 45 51 69 97 87 87 68 635
24 88 17 44 15 76 56 40 83
69 61 18 77 94 62 1 92 322
20 52 17 12 89 83 55 72 398
50 41 45 71 28 95 87 16 187
74 48 90 48 43 69 59 54 365
90 32 2 3 43 7 40 14 649
92 33 6 9 80 86 87 88 342
38 89 99 10 1 43 88 74 251
18 47 89 24 83 42 70 52 880
47 59 47 25 6 13 28 22 500
31 59 9 41 11 17 93 45 716
75 86 53 22 69 73 22 62 1113
10 11 86 38 28 81 51 1 381
34 62 20 32 4 4 85 19 869
58 100 45 75 62 94 75 69 64
34 6 2 18 58 91 92 27 726
34 86 12 98 44 3 3 57 438
67 42 40 88 72 4 31 98 138
84 75 84 24 58 71 67 80 770
14 10 91 47 43 39 40 41 985
32 95 81 86 13 64 61 70 34
28 49 16 32 55 1 94 42 189
17 15 84 76 67 63 38 23 997
75 39 88 100 73 20 8 1 769
46 81 59 23 59 44 35 46 914
91 17 8 72 75 52 65 24 335
29 38 22 18 3 90 100 98 402
42 51 13 78 46 38 77 59 269
7 34 35 8 85 96 31 45 188
60 60 96 97 70 7 78 12 1078
49 75 98 54 92 64 29 64 1098
98 52 6 84 33 29 94 91 602
12 61 49 74 39 34 31 24 749
33 76 44 67 84 20 99 57 1048
4 6 92 57 69 69 73 34 373
55 97 58 67 23 29 81 63 496
84 82 61 36 13 4 48 90 232
36 44 7 45 75 9 1 39 1132
83 95 44 75 19 85 47 83 380
54 89 51 47 11 6 92 2 580
