8 50
2 16 51 34 59 4 53 84 646
31 45 19 16 81 67 95 49 418
54 28 22 18 30 33 86 7 752
53 41 76 35 98 54 62 47 304
35 95 85 90 49 74 82 78 616
97 75 95 38 43 25 91 19 301
74 32 49 32 9 26 44 44 616
100 41 38 87 18 37 32 94 659
68 62 10 75 46 13 28 13 334
94 84 80 66 86 82 41 17 721
67 40 27 22 25 60 15 95 531
34 16 97 74 13 59 45 60 524
44 89 35 88 73 81 35 17 619
91 26 67 48 88 59 2 2 655
86 84 57 12 72 80 95 4 554
87 96 59 10 21 8 60 3 703
96 96 20 6 62 6 14 47 487
51 7 100 41 39 46 98 87 666
14 76 95 63 58 60 80 2 544
52 59 42 94 17 40 39 60 589
54 56 81 76 57 12 82 47 256
62 45 79 9 7 97 24 11 387
60 76 12 79 29 42 38 13 618
84 67 22 24 62 75 76 1 369
73 87 49 23 47 23 24 52 346
45 78 20 87 38 31 50 3 378
94 97 6 35 15 33 4 86 582
99 30 61 40 54 65 40 50 679
9 22 14 79 67 63 61 87 648
47 88 63 56 90 67 38 15 570
18 97 55 16 24 72 88 25 391
74 6 74 92 43 62 67 22 384
7 82 82 11 62 89 20 72 478
40 77 31 100 99 23 65 58 323
60 18 92 45 70 65 64 57 350
48 5 60 69 85 51 96 22 538
42 29 46 31 86 19 60 10 736
65 28 1 10 43 50 3 32 587
74 82 37 91 19 83 13 3 374
89 50 8 66 50 46 72 45 501
50 49 86 29 45 10 48 1 385
49 37 5 22 52 96 64 30 684
46 31 97 89 10 94 82 6 542
25 13 58 20 20 65 8 80 722
32 69 33 26 51 11 49 34 616
52 52 27 41 25 9 96 32 362
88 19 66 88 96 34 61 67 744
45 82 70 78 87 54 50 71 333
11 36 77 93 26 76 3 89 533
30 37 35 83 47 37 14 46 392
