5 50
43 79 67 57 68 2026
67 27 96 100 5 2322
29 3 79 75 87 2204
96 55 16 100 3 1881
33 53 2 50 65 2114
45 94 98 86 56 1825
4 61 73 99 58 2174
44 62 73 43 46 2216
7 21 65 14 53 2235
14 8 62 48 67 2102
43 65 27 88 84 2329
46 84 52 75 41 2079
61 78 63 1 7 2207
57 8 90 1 11 2277
28 69 60 61 21 1883
66 94 31 18 34 1848
57 80 86 2 30 2086
23 9 18 81 17 2078
96 61 3 5 99 1846
16 41 95 53 16 2005
82 53 52 45 88 2008
75 85 85 95 47 2230
7 73 66 64 95 2207
30 86 23 74 67 2040
25 34 62 31 100 2028
38 46 65 11 88 2033
97 34 92 56 8 1971
21 94 38 19 80 2104
2 68 17 11 40 2327
60 43 23 32 66 1848
99 97 23 97 21 2240
74 100 22 86 85 2096
6 40 79 79 84 2114
58 72 90 94 26 1853
50 25 33 16 41 2033
19 14 38 6 79 2300
67 49 88 51 99 1995
64 53 39 48 19 2232
60 19 17 23 44 2278
43 36 44 76 19 1908
48 47 45 16 92 2086
93 63 78 76 4 2308
64 18 84 84 97 1980
49 54 61 6 1 2250
47 75 24 84 89 2195
41 9 79 90 86 2027
3 81 65 46 73 1821
68 49 53 51 7 2073
87 61 64 21 69 2300
32 37 20 31 78 2064
