5 50
79 90 34 71 57 353
84 68 32 71 42 375
46 40 54 26 2 564
76 33 82 31 94 526
48 66 100 63 72 493
93 20 52 75 30 594
32 64 13 9 76 573
36 63 87 1 21 395
79 50 94 4 65 641
45 30 40 16 51 285
34 9 3 70 92 314
57 61 77 83 59 766
72 10 79 81 30 520
46 7 2 33 6 371
1 33 12 67 50 452
45 13 68 11 1 614
74 94 35 62 87 654
24 26 74 48 85 783
86 71 66 79 80 718
29 7 77 24 4 433
84 83 96 77 31 539
12 86 38 64 28 779
45 88 43 64 6 337
93 70 38 32 23 701
4 93 60 20 95 280
49 81 46 38 94 656
75 20 7 95 82 437
57 87 49 58 68 546
61 89 64 89 55 748
59 7 84 70 55 576
8 67 98 25 27 740
73 42 67 71 100 530
89 74 64 34 10 695
86 90 64 28 62 438
13 58 92 12 7 578
79 35 96 82 20 720
14 15 55 27 57 280
53 89 74 100 79 406
6 48 48 3 10 573
71 9 61 94 83 670
62 15 48 5 22 739
59 83 63 70 71 703
98 68 11 58 76 668
15 5 69 71 45 436
40 28 77 2 98 676
54 26 63 65 26 517
64 85 62 88 15 745
81 94 24 68 33 388
8 65 72 58 8 667
24 81 66 90 10 435
