5 50
70 23 46 96 6 981
94 39 11 61 5 875
80 47 57 93 52 880
7 40 31 39 5 615
81 39 16 91 12 845
84 99 10 5 19 856
46 61 9 25 34 936
41 74 90 10 52 1618
100 40 4 3 51 832
95 3 79 55 50 1374
16 75 37 78 95 1318
56 60 62 61 25 1240
72 82 36 37 26 1178
99 6 10 4 63 1660
81 27 66 6 54 1366
58 21 13 69 6 1488
35 6 56 22 80 651
23 68 7 91 33 1658
76 18 56 40 8 698
90 60 14 13 76 1521
5 21 21 87 64 1266
89 98 31 100 14 667
97 37 69 93 9 723
37 53 64 22 39 1675
5 23 22 13 7 1710
62 83 25 15 52 917
61 50 24 5 2 682
9 21 91 23 51 627
27 1 41 71 4 1637
84 1 89 12 59 608
44 76 31 74 98 1535
44 92 50 44 77 1472
20 15 4 57 26 1612
85 100 93 97 27 1590
38 53 22 8 87 685
6 20 8 49 17 1327
26 95 63 64 56 1254
80 87 80 16 37 597
17 99 34 53 87 1192
57 81 34 26 94 1583
45 96 4 14 82 608
2 28 55 22 3 1377
25 6 6 60 43 628
68 32 12 26 72 645
65 23 60 6 9 1437
64 37 17 11 89 1652
94 96 11 16 67 577
50 14 83 92 96 612
77 27 85 43 44 830
6 48 87 36 62 1404
