8 50
83 11 54 5 17 69 87 8 463
64 39 48 84 23 59 20 88 254
38 50 83 67 16 35 68 63 360
87 13 64 45 15 15 86 43 539
64 80 7 41 43 48 66 100 265
54 61 48 16 11 5 96 41 564
6 71 11 1 37 4 86 43 581
89 96 64 99 95 56 21 81 496
17 91 31 15 53 56 80 82 647
86 46 29 3 13 15 77 54 260
29 8 97 28 52 38 43 2 733
89 69 75 76 2 57 54 99 519
49 77 17 5 65 98 10 39 662
36 25 53 5 14 36 80 3 699
13 15 9 11 95 21 15 26 730
7 32 19 37 87 93 16 93 613
89 13 69 24 33 1 63 1 685
31 3 3 46 98 73 84 8 327
8 17 91 80 38 58 10 56 710
46 94 32 68 67 65 32 47 743
54 77 36 85 51 50 43 17 631
57 23 64 18 85 53 61 45 721
59 84 96 62 27 81 29 85 299
68 39 89 63 35 28 56 57 461
42 25 81 30 9 20 50 84 634
80 6 74 9 98 29 79 35 473
58 24 23 17 40 9 99 79 693
83 54 14 40 12 31 71 3 440
41 54 72 69 39 44 9 80 490
21 80 76 39 66 45 3 12 282
21 52 53 69 59 55 12 60 292
56 36 75 57 65 77 18 77 536
61 32 62 76 11 13 75 67 456
56 8 95 32 22 100 20 97 551
47 25 5 11 2 86 21 30 289
71 24 52 64 57 99 71 60 283
93 2 46 93 92 9 64 19 718
81 34 65 4 28 19 19 26 515
58 75 47 97 58 63 5 75 273
67 95 38 83 23 13 29 74 629
52 49 28 23 57 65 88 66 638
75 39 100 75 56 17 78 48 405
60 37 59 84 86 69 72 94 650
69 100 33 97 68 98 52 97 566
71 64 61 42 15 15 84 47 454
39 79 60 61 48 99 39 29 653
78 55 30 60 80 77 59 2 433
54 100 83 22 100 86 97 51 703
70 12 40 49 14 43 88 18 574
61 17 44 15 10 60 42 19 724
