5 50
87 70 75 89 77 355
33 15 91 65 48 1446
12 1 45 54 51 981
88 83 41 86 96 918
13 57 64 5 53 406
82 37 5 5 18 557
62 73 58 8 44 815
25 75 98 45 35 407
85 28 48 82 61 255
65 10 19 57 77 767
77 16 38 23 40 1475
41 93 89 95 76 1285
44 75 68 76 4 275
68 22 52 53 91 1394
29 16 5 84 34 1379
8 53 41 77 68 749
36 3 52 32 17 32
25 26 37 40 81 131
59 91 8 16 33 1445
9 99 79 44 18 234
1 31 30 69 9 829
85 59 11 18 22 520
27 7 41 84 71 776
51 8 42 100 53 457
38 45 86 100 8 872
64 30 84 8 76 453
62 63 11 63 73 393
78 69 38 49 55 884
19 73 96 84 76 191
28 71 52 73 51 1484
69 33 53 45 47 78
14 97 25 90 57 1037
11 72 1 31 49 279
23 77 11 44 96 613
18 37 94 78 80 1104
68 1 82 3 77 1433
45 79 62 65 36 77
50 90 49 27 63 367
41 72 79 83 68 729
67 14 70 22 48 1226
48 46 86 87 45 1093
16 72 5 96 99 476
95 33 56 15 13 132
25 26 40 75 80 1254
54 3 39 50 2 1046
100 80 73 41 85 263
84 89 75 89 52 1419
98 82 24 27 60 973
24 42 19 28 78 169
39 41 1 80 30 198
