8 50
98 80 92 43 47 71 12 25 586
19 93 27 23 61 51 99 54 813
39 23 23 77 27 4 56 64 442
32 36 69 14 30 34 35 77 546
83 55 52 21 64 22 9 4 138
19 43 83 24 22 54 91 97 714
96 5 32 93 47 47 56 73 305
86 93 42 18 19 8 67 20 800
23 29 20 17 37 62 59 49 270
89 38 75 33 86 19 5 61 485
41 33 76 91 51 29 77 20 691
89 31 8 37 47 21 30 47 1065
27 69 55 10 78 69 81 16 421
91 17 81 36 35 93 66 41 795
49 72 76 2 15 60 63 34 987
89 38 24 28 36 60 47 42 1086
1 13 42 45 87 73 44 70 346
18 53 37 60 34 10 33 10 140
92 29 44 46 59 94 97 18 26
30 41 70 5 59 100 18 66 519
19 31 52 57 44 92 83 22 1008
67 58 35 82 96 84 43 19 941
46 46 83 43 55 44 72 20 1074
52 38 17 18 37 38 49 94 846
19 99 18 78 45 30 80 60 77
60 80 90 48 83 24 8 96 799
79 97 17 38 24 5 19 36 740
67 91 26 7 4 54 17 74 961
39 31 95 68 67 13 16 17 372
91 35 42 61 41 86 7 81 568
95 99 100 74 100 31 47 39 960
47 37 48 70 50 84 81 71 1081
13 74 60 84 4 83 89 40 459
83 10 56 53 60 81 68 27 990
66 100 1 83 36 56 68 80 410
100 16 28 9 74 47 66 60 364
15 15 52 73 34 6 99 49 785
60 95 88 52 86 43 88 65 514
25 88 91 98 33 5 37 52 979
98 100 65 11 59 21 75 25 297
76 7 97 47 79 96 85 13 1103
41 84 81 83 42 54 7 68 877
6 18 55 78 5 22 14 98 69
46 36 16 33 39 64 50 30 45
96 10 76 47 81 58 64 79 392
48 6 4 94 68 19 36 22 36
42 84 40 7 54 3 36 34 12
46 37 97 22 61 25 75 52 1110
75 16 35 4 30 47 60 3 406
36 60 20 63 88 94 64 25 37
