8 50
55 47 8 91 2 22 83 44 1291
58 4 47 35 83 67 76 62 942
22 47 62 2 78 92 17 67 426
89 12 28 90 2 48 82 51 466
90 50 42 37 80 43 2 32 236
18 30 34 35 76 48 60 69 135
19 49 83 32 34 31 36 32 832
88 97 84 14 38 55 19 9 689
18 21 28 53 17 73 58 89 862
57 81 23 52 82 20 59 12 707
77 75 99 31 29 94 23 31 890
94 85 56 39 11 78 6 87 787
92 28 57 52 52 8 19 72 233
71 26 5 36 16 22 5 18 512
97 85 96 66 78 27 35 28 786
67 18 79 88 24 91 13 80 784
91 19 75 61 41 77 56 56 628
53 13 94 7 74 32 98 44 217
74 51 44 82 10 41 60 78 999
31 53 76 83 97 67 38 69 988
28 26 12 42 85 74 10 78 1063
90 7 20 28 60 57 10 34 1059
96 29 68 30 28 48 89 61 606
71 27 22 57 23 83 90 29 389
2 29 53 99 91 61 94 61 298
62 86 37 100 95 33 48 91 254
83 91 80 71 80 56 56 18 189
98 62 78 49 41 41 45 57 537
81 24 70 81 15 96 17 58 1409
82 48 15 67 38 100 58 39 855
80 57 44 100 62 9 55 41 1079
20 96 60 72 39 79 47 8 1497
25 56 18 4 26 37 2 73 455
85 35 78 12 66 62 18 32 525
62 96 75 26 47 47 23 49 451
6 79 4 81 10 36 79 95 1267
55 51 79 63 67 42 68 37 1380
71 9 8 59 61 56 45 7 371
29 26 47 28 18 43 100 19 1503
19 81 61 37 97 43 59 85 660
22 18 11 59 94 33 2 38 1245
69 44 32 10 22 48 26 99 1392
82 49 14 95 4 3 26 83 634
51 85 76 7 84 38 9 44 218
34 50 67 99 76 65 33 58 807
66 34 37 66 54 39 19 61 450
76 11 21 23 11 64 80 100 767
87 54 74 4 4 20 54 49 1384
100 21 51 32 24 26 57 94 1371
14 50 92 42 47 29 82 40 632
