5 50
2 70 72 34 6 1809
79 65 70 56 25 691
17 21 69 77 53 1480
46 72 53 73 59 1556
78 78 32 12 67 1082
39 94 23 91 4 918
26 66 56 9 100 1050
99 41 11 18 91 1829
83 19 93 83 80 1452
39 10 63 94 6 1066
69 55 8 84 18 704
6 19 20 95 8 1835
90 51 5 41 6 1432
10 14 8 29 20 1477
39 49 97 55 45 1451
77 13 11 57 58 1828
87 26 84 58 52 1148
13 44 89 52 19 1627
89 79 40 53 90 639
70 5 74 40 8 1839
90 36 59 15 17 841
67 90 90 86 40 1684
38 47 93 13 14 1482
10 77 55 66 17 1244
25 55 75 27 89 716
97 37 10 84 2 1754
76 4 5 41 28 729
30 4 24 80 56 1523
6 92 89 55 67 1042
63 22 8 79 48 1145
59 17 39 80 91 1091
37 42 55 58 88 1578
19 20 51 56 17 1720
30 48 77 100 31 767
99 40 46 46 30 1346
46 6 76 78 43 962
47 46 89 61 8 1458
78 7 85 2 47 1166
13 5 99 94 5 1599
47 98 82 9 49 932
59 19 75 93 69 1034
98 32 59 84 80 1256
16 61 68 20 2 1061
94 23 65 32 66 1208
98 45 21 69 19 963
87 73 85 13 91 1787
85 9 76 87 32 1393
28 3 56 56 39 983
60 35 77 66 86 1358
54 67 68 88 25 933
