5 50
58 26 80 1 27 789
94 44 92 47 49 918
79 52 21 44 18 1155
33 5 57 23 14 668
99 52 37 69 95 1514
34 8 73 64 16 1380
42 80 79 48 76 1599
69 62 94 55 51 754
16 14 23 39 66 1816
100 28 10 51 16 1376
42 95 20 51 27 667
11 31 89 87 34 951
84 24 65 25 88 1255
9 3 1 34 38 1473
74 23 88 28 55 1109
83 35 86 41 82 657
25 21 75 51 58 1134
82 65 2 68 85 908
94 60 84 90 17 1761
6 86 1 73 88 1740
19 58 20 31 41 1011
39 55 34 47 2 1481
10 37 83 2 36 885
3 1 4 66 22 676
64 17 63 44 14 667
55 99 13 15 21 1691
97 18 86 70 71 1700
44 5 96 45 57 956
51 32 78 74 26 1522
50 39 66 1 59 1114
68 90 14 51 64 1474
2 20 77 30 14 1043
1 55 93 100 66 1252
42 53 33 48 41 777
43 19 21 41 76 1510
62 98 89 69 77 1543
35 71 21 67 31 683
46 1 5 42 61 958
16 86 8 32 47 1045
34 52 54 84 15 649
21 19 43 65 95 1361
43 51 48 53 43 1722
45 100 78 10 70 1292
20 34 98 88 85 619
79 32 15 77 82 1537
5 48 75 95 70 1026
94 78 48 11 71 1686
10 5 68 72 17 969
29 36 29 50 63 1305
33 75 58 91 99 615
