5 50
33 62 95 62 24 464
39 73 31 78 88 545
20 13 29 62 20 1355
39 41 39 15 58 1129
90 67 5 90 20 990
6 32 1 10 36 185
51 40 19 64 46 886
93 46 30 27 100 595
97 83 28 6 88 227
21 42 43 61 11 1251
32 8 74 81 50 1381
36 55 63 66 22 175
97 76 12 15 60 854
50 99 32 4 69 1345
32 67 53 48 55 1414
97 33 78 35 59 798
32 45 86 21 39 777
43 60 64 94 82 1061
16 53 50 34 69 1450
61 87 20 41 10 603
57 73 63 26 82 1085
67 70 55 55 83 983
17 30 50 76 45 1500
56 36 22 18 49 290
58 31 9 67 73 417
58 26 19 66 1 644
84 14 83 33 73 995
74 55 51 59 58 1101
36 21 47 96 51 1341
22 70 86 100 30 69
49 3 3 29 70 864
54 53 77 67 63 589
99 42 72 37 12 1188
78 96 40 13 69 250
81 7 70 23 34 1405
65 39 27 16 68 574
92 18 59 6 20 1024
92 49 19 100 55 284
89 34 27 50 42 604
96 29 15 74 50 1011
100 80 81 47 47 86
23 61 41 53 64 743
4 70 56 43 31 59
66 75 58 24 51 591
76 31 63 69 58 158
90 93 83 74 21 773
99 30 32 33 37 381
40 37 97 88 64 910
39 57 76 48 56 1201
4 26 91 30 52 1514
