8 50
42 38 8 43 27 97 73 10 1074
91 37 38 26 63 68 21 85 648
6 7 51 68 8 53 20 60 428
95 15 11 81 9 57 51 73 539
50 27 46 69 2 91 65 62 186
17 10 48 19 1 62 76 89 409
99 91 54 63 86 68 62 67 1106
81 48 39 56 23 84 84 69 423
51 67 96 66 9 85 19 18 500
31 56 77 45 12 57 90 51 1090
43 53 98 5 19 75 1 66 356
34 73 78 20 58 1 57 16 412
7 42 3 59 34 2 21 42 987
65 63 52 13 24 29 63 68 1034
72 46 50 82 30 25 5 45 184
83 31 60 97 57 31 97 16 663
60 39 22 2 6 23 53 15 1073
75 94 77 66 69 79 20 50 175
43 98 22 82 81 94 3 76 417
7 37 27 47 73 82 29 91 978
43 55 89 85 52 88 59 95 721
1 18 37 79 79 62 84 95 109
28 40 38 61 66 52 54 12 1095
8 48 37 26 22 28 71 75 1122
7 61 17 91 6 55 78 95 221
2 10 59 26 25 27 35 9 149
91 48 35 35 22 88 42 51 360
8 96 25 27 60 91 37 54 899
58 2 97 7 34 47 42 40 885
27 22 83 46 81 10 86 54 419
79 71 92 24 84 17 48 14 566
44 16 67 36 79 55 34 27 590
18 97 29 19 41 74 11 4 839
76 48 94 42 89 42 76 37 934
25 97 65 81 26 76 15 98 202
12 20 56 42 7 61 35 77 403
33 71 98 74 71 69 10 81 692
69 82 87 56 30 8 37 82 494
17 21 27 84 90 32 43 86 967
24 29 91 66 75 40 67 70 218
33 92 59 24 100 91 21 73 924
78 32 70 87 51 51 66 28 640
63 16 57 19 90 67 1 73 426
80 35 20 58 84 82 26 85 804
66 99 16 49 44 21 91 38 769
62 11 95 39 42 72 85 29 240
23 58 47 64 8 29 12 9 817
99 37 100 3 38 32 97 86 978
74 73 85 29 18 66 25 79 823
35 7 91 12 21 95 49 92 141
