5 50
72 11 4 49 46 2150
14 59 16 21 88 2645
42 80 31 51 51 2099
99 61 28 67 18 2085
93 57 96 35 54 2274
47 53 89 17 22 1996
78 48 87 91 71 2318
79 71 92 5 80 1755
62 18 69 34 44 1772
67 51 38 9 1 1816
53 86 23 92 63 2216
4 65 79 2 46 2015
93 100 62 42 90 1978
1 73 23 37 9 2052
37 28 92 83 71 1615
73 60 17 40 88 1911
40 9 80 77 81 2600
25 74 81 77 40 1443
27 19 86 87 15 1707
33 31 8 4 90 1943
38 61 44 80 52 1409
57 53 75 21 88 1517
78 50 38 23 53 2128
34 56 57 55 77 1684
78 60 24 46 50 1475
56 16 1 60 94 1452
77 95 52 84 57 1739
7 41 31 38 35 1750
90 32 33 19 51 1957
99 96 14 75 89 1990
35 29 49 89 45 2070
64 49 73 18 51 2425
52 22 59 100 98 2470
42 6 10 23 8 1730
4 79 64 1 40 1390
45 52 9 85 77 1691
50 15 14 65 33 1720
90 57 96 21 76 2588
9 47 80 72 40 2359
30 9 63 25 76 1535
87 78 45 79 25 1654
47 73 68 40 73 1451
83 22 34 33 60 2235
68 34 6 49 27 2361
88 95 13 8 39 1789
4 23 27 60 79 2581
52 54 52 8 10 2523
13 32 18 6 21 2116
80 95 7 93 58 2241
5 45 83 85 99 2445
