5 50
11 11 80 44 24 94
55 6 37 93 7 1115
61 1 17 49 53 555
85 95 43 91 88 837
36 45 41 57 61 967
86 14 28 57 24 1042
26 70 16 42 41 610
7 25 9 25 10 273
29 61 92 27 49 310
80 18 23 24 33 521
82 12 12 39 89 500
34 79 16 28 27 358
93 76 2 66 16 158
61 65 6 2 37 30
67 45 98 25 32 424
29 94 7 54 47 648
48 23 57 47 64 127
78 36 95 93 41 814
100 43 82 16 67 227
32 18 64 88 83 1068
79 81 89 73 100 819
28 25 41 81 38 432
95 5 11 1 54 398
72 16 91 27 64 1057
59 91 84 28 64 408
15 67 60 7 91 755
46 19 75 19 59 1021
13 37 41 11 97 390
61 7 95 65 68 957
28 11 1 42 32 642
90 84 35 80 42 96
33 72 5 60 94 676
75 63 11 98 63 980
19 62 32 96 48 384
98 2 79 12 88 392
83 80 78 95 20 652
17 83 2 53 22 706
32 61 83 26 14 863
92 65 85 7 15 463
40 74 43 32 23 966
59 45 90 31 98 542
77 24 98 51 38 293
74 18 31 24 85 241
21 63 13 96 6 1104
37 99 86 90 10 248
67 63 1 65 85 298
51 94 91 73 92 363
98 79 88 70 71 978
20 37 15 51 37 509
25 17 57 72 69 336
