8 50
12 50 17 63 83 32 33 92 2202
100 20 54 78 7 70 33 79 2287
82 25 45 37 19 98 81 44 2241
29 76 22 38 49 61 17 92 1984
91 25 21 79 93 67 21 24 2465
24 20 52 80 28 100 29 15 2571
56 1 81 79 22 39 95 59 1099
76 13 86 40 77 30 37 84 1732
90 56 7 13 55 55 84 44 2716
96 65 20 95 51 4 23 96 1705
41 74 44 47 49 29 61 46 1612
20 29 48 86 10 9 35 25 2650
83 43 9 58 53 37 32 24 2848
97 33 45 19 48 33 22 59 1614
48 30 35 34 48 88 12 68 1951
28 75 10 90 28 84 59 96 1341
86 95 58 74 62 79 83 20 1920
50 51 79 84 10 64 16 64 990
66 67 52 5 86 32 63 75 2190
45 15 73 2 72 26 8 97 981
93 31 18 24 47 80 15 7 2736
84 52 42 25 54 71 76 19 2011
55 29 93 90 91 70 73 69 2566
18 58 74 11 38 44 60 47 1854
65 16 89 46 63 25 11 83 1650
39 83 50 52 56 57 22 19 2364
14 34 52 25 16 6 24 40 1967
40 87 79 40 77 33 78 56 2178
8 61 31 74 59 36 43 94 2667
22 4 87 35 47 51 90 17 2394
55 48 27 84 69 6 75 62 1583
42 2 54 83 34 21 38 14 1755
2 18 40 17 2 92 26 45 1469
22 83 1 23 47 76 100 50 1039
59 82 45 73 81 64 38 32 2003
29 44 98 70 44 64 1 2 2338
67 87 9 83 57 2 66 23 1161
94 69 9 95 73 52 52 4 1199
50 25 65 6 77 35 37 97 1265
81 100 7 3 64 79 41 52 1897
62 13 32 87 8 1 78 38 1830
7 21 21 5 93 59 63 23 1270
59 76 81 29 36 4 12 95 2389
85 2 44 48 10 9 15 83 2244
87 51 66 11 30 85 26 16 981
68 11 18 7 2 74 63 37 2324
23 79 84 95 31 14 55 44 1783
33 26 39 81 89 94 63 69 1382
19 69 36 9 24 82 26 75 1785
90 20 45 59 53 32 1 28 2830
