5 50
98 8 82 92 55 948
44 6 56 41 15 604
13 94 67 91 93 340
16 15 4 23 51 312
95 71 38 49 18 12
73 60 9 23 69 785
47 90 8 30 53 1466
80 5 46 43 75 1160
18 18 6 69 51 627
75 67 48 66 56 13
69 29 90 12 72 1026
51 94 94 45 74 1144
52 68 79 57 63 637
14 99 37 83 7 1177
23 44 87 32 56 364
75 87 95 75 32 911
92 33 25 7 45 1100
100 77 69 67 100 1122
30 81 94 36 20 747
31 17 99 88 82 1269
88 80 43 11 77 491
74 34 46 97 12 341
32 55 84 52 32 688
93 22 91 42 61 498
51 33 75 71 21 535
80 27 68 1 82 1077
27 44 56 23 51 1328
10 58 16 25 96 1539
4 90 71 69 82 810
53 69 76 90 12 1044
47 47 12 57 17 1071
63 38 18 16 49 493
95 75 68 66 19 1190
64 22 47 88 46 1263
49 80 24 29 87 1058
87 73 92 57 19 1485
14 92 95 9 64 1015
54 32 85 11 100 1101
58 82 31 14 68 1571
100 73 69 89 82 255
38 39 37 3 77 11
28 97 47 67 45 235
87 30 24 63 14 1553
89 69 62 71 46 505
10 15 81 5 21 859
83 59 46 82 68 650
7 69 95 61 93 122
44 15 97 40 52 1165
47 44 32 66 18 1207
29 21 26 74 3 474
