5 50
78 54 7 72 28 1726
35 47 95 49 78 1798
100 44 18 82 61 1981
5 63 59 30 57 987
90 90 17 5 97 1671
98 60 2 32 38 1326
58 75 42 24 78 1563
23 46 65 66 38 1741
42 93 27 32 91 942
73 12 23 4 12 1226
98 22 15 51 91 1132
74 96 85 18 72 1427
97 65 29 75 21 625
25 72 56 33 82 1498
81 50 68 5 44 1860
71 6 18 94 48 1953
76 55 68 4 65 1840
8 30 29 44 100 823
60 22 48 26 51 1591
8 24 20 89 89 1786
88 12 77 46 91 602
50 7 57 32 73 758
54 34 86 21 43 488
4 99 80 33 86 1664
84 100 89 11 93 2168
56 40 81 57 43 1439
58 73 95 97 10 2026
7 72 95 91 83 306
15 53 13 40 12 2255
46 5 49 21 72 1467
12 37 98 73 91 1982
31 57 13 87 42 1110
29 64 95 13 82 1643
70 11 3 73 53 396
1 36 20 56 66 2315
7 61 66 2 63 335
56 8 21 23 61 1393
10 15 99 10 35 799
24 88 81 20 71 552
15 34 83 84 77 1713
88 64 92 33 28 2057
100 50 86 69 88 2144
35 30 6 100 81 1952
91 85 77 64 94 1575
74 87 93 90 83 1882
55 87 10 41 40 1154
42 49 75 12 49 1255
12 33 90 41 37 1816
76 58 32 63 60 880
80 27 38 10 4 1550
