8 50
99 18 98 63 77 17 85 24 773
80 68 17 84 84 65 13 98 772
63 89 34 12 56 64 75 93 457
64 99 76 55 81 97 100 3 648
6 37 31 28 66 38 40 13 646
84 64 19 19 14 62 6 83 8
20 57 81 71 36 20 80 71 830
80 93 48 42 24 39 68 10 1129
52 71 14 4 91 28 72 63 1148
89 26 64 68 98 66 100 10 895
85 100 14 3 52 37 95 10 899
4 92 92 91 28 67 77 72 240
81 81 30 1 92 22 92 74 39
43 29 81 71 44 81 42 96 645
100 7 95 38 4 7 32 63 83
69 53 31 13 9 22 94 37 1083
40 15 27 5 60 37 81 50 731
97 10 93 16 80 83 24 54 847
18 22 86 90 11 97 52 80 382
47 52 90 74 5 84 36 85 290
15 12 10 22 77 25 41 91 42
77 56 52 39 85 23 51 30 1079
91 12 6 54 46 16 22 15 775
10 28 48 85 38 76 30 96 686
92 69 81 71 73 13 43 97 1115
5 52 38 28 93 93 38 38 498
38 2 72 74 69 76 22 47 370
38 74 49 39 86 27 44 46 169
28 6 39 20 1 70 76 68 585
78 38 92 51 90 26 45 53 81
21 7 95 42 56 68 81 23 943
42 73 65 46 43 40 30 15 126
83 2 5 21 100 71 70 1 940
28 73 49 92 81 98 45 55 513
34 36 79 2 75 52 66 29 923
7 2 65 31 93 24 49 44 389
20 89 33 74 28 1 35 58 517
22 14 74 83 94 52 85 15 438
74 52 24 78 9 1 93 40 923
17 93 40 34 6 99 4 75 1076
41 64 38 59 63 15 59 36 987
34 4 25 41 72 45 29 11 388
45 8 27 42 64 91 22 36 815
32 69 82 48 37 20 47 81 599
80 75 97 44 39 78 72 64 1122
34 12 88 96 49 72 81 50 598
15 51 75 18 98 73 58 29 869
76 74 40 75 93 55 7 39 1029
10 61 76 73 70 29 20 100 928
71 61 15 61 11 2 94 36 385
