8 50
23 23 94 21 10 93 1 14 573
66 45 26 99 60 48 33 65 693
63 41 44 62 71 40 22 96 307
94 32 53 62 93 6 47 67 573
34 50 11 69 45 26 32 61 417
76 33 42 38 91 85 41 47 622
95 60 90 65 33 71 30 99 749
74 33 98 76 47 98 9 50 670
46 51 84 44 63 61 3 43 590
16 8 38 69 29 47 91 38 330
25 61 3 18 49 85 83 22 343
73 17 84 97 72 55 76 75 738
35 25 60 89 54 88 43 36 704
71 67 20 11 7 29 27 2 447
11 27 95 41 86 74 96 75 271
79 40 27 39 93 57 3 56 665
77 69 83 1 28 32 87 88 627
1 30 15 34 77 100 33 7 412
14 62 11 2 97 5 61 72 396
83 88 40 93 90 59 75 43 627
51 99 25 54 79 68 20 76 740
98 8 48 89 11 67 10 49 263
66 31 50 53 54 50 19 88 602
15 98 26 67 62 25 34 83 762
74 21 87 73 60 70 32 42 286
26 69 74 76 69 83 65 93 422
34 54 77 94 85 91 17 99 611
73 69 54 21 59 56 60 56 691
34 6 96 98 70 22 33 59 378
16 6 37 43 26 3 86 65 367
60 74 50 6 33 13 51 44 269
57 55 51 27 87 32 79 5 435
87 40 8 21 67 17 39 72 539
5 3 49 54 83 24 6 62 657
14 60 91 19 32 15 62 33 602
73 100 73 41 71 36 97 76 447
57 72 8 47 25 87 76 83 583
2 67 79 57 24 85 36 45 592
77 71 48 14 100 31 64 5 335
28 41 4 35 55 61 97 44 602
75 37 43 30 73 71 54 34 592
44 27 26 49 85 100 65 4 469
61 24 63 88 10 37 56 96 357
65 38 93 62 3 70 72 54 527
6 63 17 40 59 82 89 27 379
14 74 50 72 26 50 23 33 338
49 59 74 15 18 18 43 79 311
65 6 11 24 98 72 28 44 323
86 40 67 95 19 7 43 100 313
27 85 40 55 54 33 92 55 349
