5 50
57 75 2 50 12 1142
33 10 85 12 61 1355
59 68 53 13 47 1333
33 85 99 16 26 1115
39 29 26 76 17 1223
82 88 63 53 69 1267
30 51 30 33 82 1076
29 2 85 19 30 1136
95 57 73 51 32 1256
48 87 69 30 43 1363
57 95 95 10 22 1490
54 65 42 61 25 1234
14 50 50 69 98 1106
94 19 22 93 61 1306
91 63 19 65 3 1371
66 66 25 92 83 1560
55 34 64 15 23 1178
54 4 72 87 49 1148
85 47 33 92 50 1254
13 21 8 42 62 1454
85 79 54 23 97 1506
14 57 17 69 82 1364
61 67 15 34 45 1256
53 83 81 73 61 1132
6 92 94 50 31 1340
19 51 82 16 81 1457
39 52 24 29 39 1050
7 31 78 94 82 1343
39 97 100 100 58 1105
85 60 49 44 43 1292
61 46 74 4 74 1461
97 43 24 73 73 1486
30 96 45 37 36 1418
62 16 66 55 50 1409
63 42 16 41 15 1443
86 97 14 24 20 1367
17 61 72 42 40 1541
67 66 29 82 93 1188
76 65 3 84 53 1383
68 88 61 55 77 1163
33 75 96 92 82 1497
17 47 23 35 28 1046
38 54 63 81 78 1175
22 43 51 98 22 1343
2 47 87 35 76 1141
99 40 38 29 44 1304
33 76 83 7 81 1457
94 35 31 12 60 1517
8 53 90 14 16 1510
24 90 81 55 2 1215
