5 50
35 73 26 70 27 1594
56 46 99 17 21 1169
33 75 92 23 59 1769
33 35 80 89 14 754
3 75 91 53 60 1605
20 12 87 44 88 1862
29 50 1 42 86 1769
51 75 92 28 69 444
25 42 68 44 51 1905
39 62 58 68 42 654
82 69 25 77 38 2161
69 73 67 12 35 314
22 63 35 94 60 1180
78 92 36 9 70 1125
8 64 89 5 26 447
27 18 23 54 81 983
91 32 63 10 76 443
68 4 93 90 29 648
79 75 29 62 58 1627
31 85 92 80 84 1730
12 97 90 40 8 681
99 68 68 18 92 2137
42 35 23 47 46 1633
95 18 33 97 1 1268
73 29 70 1 11 2111
61 26 99 14 27 847
5 48 86 2 15 591
55 50 48 46 37 662
93 47 75 99 52 938
15 35 76 22 8 1815
28 46 91 61 29 1548
1 2 56 74 85 557
84 30 47 75 78 1101
65 66 55 79 12 1672
99 72 97 79 8 866
65 98 4 53 95 1678
44 85 18 91 9 1683
19 95 21 80 30 1691
11 17 64 54 47 686
73 84 86 37 91 1506
95 91 28 33 37 2292
99 6 2 13 13 425
53 94 56 8 27 1737
80 57 36 60 71 1694
79 53 56 4 20 1917
19 1 83 84 52 2011
21 64 62 84 20 2112
42 32 34 73 88 716
81 84 43 40 78 1553
72 58 66 33 16 958
