5 50
87 12 76 78 89 417
85 55 30 88 14 561
8 39 7 23 25 748
15 69 75 100 52 555
58 1 50 25 47 397
96 74 9 85 76 443
12 63 100 40 78 733
35 73 34 46 51 517
46 63 86 26 50 710
7 44 57 5 97 355
38 91 68 22 1 586
6 68 96 97 83 267
11 21 16 42 20 375
53 14 33 84 57 578
92 27 5 36 11 579
12 18 79 92 24 624
63 19 5 79 26 685
21 75 67 94 27 313
14 71 87 42 100 310
86 22 51 42 53 418
35 74 55 82 44 302
7 70 22 96 51 630
27 99 23 27 45 672
77 7 90 46 1 704
64 69 50 32 12 593
7 16 67 59 99 307
23 3 33 17 92 515
15 91 22 57 71 261
27 83 62 71 46 647
100 69 36 84 74 317
11 79 59 31 97 536
8 43 67 4 56 435
94 27 89 10 14 319
6 75 98 19 60 599
66 100 15 50 60 712
68 99 17 62 65 547
88 63 86 43 41 629
55 18 99 99 92 696
56 38 39 32 75 711
95 42 41 96 17 362
43 93 94 4 28 278
78 43 61 34 96 439
12 28 83 66 7 264
45 48 18 15 34 328
28 93 47 37 46 676
79 87 37 10 2 430
67 53 91 97 77 337
8 27 39 13 58 353
76 44 7 84 89 479
71 29 10 32 93 434
