5 50
50 55 65 31 24 2389
61 69 84 66 52 2644
23 61 69 80 72 1458
79 8 30 58 68 2353
44 39 57 61 60 2797
44 88 2 14 64 1211
90 10 1 56 8 2310
97 8 15 9 55 1127
19 74 85 95 69 1672
47 42 52 18 70 1602
20 94 54 22 19 1847
88 34 64 79 1 2839
49 25 39 89 93 1328
23 12 94 63 30 2933
84 41 20 27 38 3030
70 21 45 77 31 1380
90 86 97 40 71 2089
67 48 84 95 40 1351
17 26 84 26 25 1941
38 50 66 63 54 1906
55 87 17 68 23 1489
3 31 70 42 94 2066
36 20 66 79 19 2640
96 73 30 36 28 1068
31 66 10 39 55 1041
47 27 33 32 3 1814
38 65 42 86 5 1653
4 50 30 35 71 1094
22 4 55 71 88 1744
80 10 52 54 87 3014
86 77 30 71 59 1204
98 82 87 70 99 1225
63 48 76 80 22 2589
43 51 27 88 7 2431
79 78 6 1 48 2931
45 95 63 51 24 1186
92 30 2 65 12 2438
23 88 55 34 4 3010
17 35 99 94 66 1403
45 17 61 68 95 2911
52 4 51 90 23 2037
31 96 50 26 30 2446
14 22 45 42 1 2086
74 93 26 80 56 1413
25 100 73 54 65 2279
64 27 71 25 2 1768
75 12 32 91 90 1252
35 43 96 90 32 1509
55 62 26 52 56 1118
57 39 28 94 51 2485
