8 50
34 2 27 13 37 74 23 69 2110
17 1 8 85 41 9 86 51 1105
56 89 84 42 53 91 59 3 1541
56 55 10 36 46 70 51 28 1415
5 95 67 16 84 9 61 97 2830
82 42 52 63 52 22 2 73 1511
16 51 83 7 91 3 55 61 1413
59 66 79 96 45 65 34 9 2640
65 67 15 32 40 20 97 63 1583
49 52 12 28 7 45 58 24 1265
41 43 100 77 55 18 29 92 1874
52 65 3 31 93 78 65 47 2814
65 82 5 29 21 86 87 86 2554
22 86 10 63 81 77 86 98 2947
2 1 45 71 72 45 13 94 2147
76 64 42 25 56 20 32 96 1597
34 82 28 47 32 12 4 72 2343
74 80 71 58 42 43 70 45 2765
48 42 64 50 95 55 88 13 2308
38 83 52 34 30 99 7 65 2564
7 89 80 62 5 64 70 11 1762
89 11 20 31 80 61 70 63 2689
67 93 99 6 99 44 48 86 1700
95 91 21 81 36 15 47 14 2917
25 70 53 85 59 8 91 84 1878
22 70 43 43 8 18 34 40 2231
22 58 28 71 85 41 43 69 1762
38 35 5 60 82 65 54 59 2455
35 2 7 1 75 32 17 23 2728
2 89 62 89 33 87 90 86 1303
81 22 57 77 41 33 63 2 2402
68 4 24 1 3 72 13 31 1780
98 7 66 26 52 22 54 44 1637
68 17 64 3 49 6 15 59 2688
89 80 28 63 14 68 22 81 2017
25 33 98 73 88 57 61 20 2412
73 20 19 84 51 24 16 18 2418
65 45 100 51 76 10 67 41 2697
62 36 80 34 44 59 43 85 2390
92 2 11 43 20 98 48 96 2025
1 86 56 67 55 50 41 39 2566
76 73 88 6 91 59 56 98 1271
92 43 16 3 93 77 1 84 2217
58 3 48 53 4 5 71 56 2282
26 27 30 34 5 30 76 81 2291
62 49 47 76 62 10 72 83 1930
9 63 10 79 46 90 22 64 2568
50 5 91 45 3 14 15 11 2898
67 14 30 51 65 34 85 77 2641
91 66 89 5 80 46 21 35 1167
