8 50
76 66 51 44 100 51 49 16 1318
22 43 13 90 59 61 69 52 1426
98 100 31 16 42 3 34 22 1275
13 81 96 63 72 50 39 68 1242
42 74 78 99 9 60 83 13 1018
62 6 82 49 85 19 80 24 1438
94 53 65 49 22 36 3 95 1326
60 35 17 29 49 41 87 1 1102
18 11 34 32 65 80 86 68 1283
39 69 57 83 69 34 47 32 1263
76 12 12 72 17 100 90 82 1248
60 40 64 10 76 9 71 22 1077
96 61 18 66 77 98 51 6 1186
52 94 35 29 57 16 86 84 1108
4 43 89 92 67 58 95 76 1452
32 28 35 71 81 25 34 96 1090
13 76 36 54 20 86 85 50 1379
41 46 16 47 27 99 32 34 1063
23 16 81 70 13 58 38 41 1044
73 63 96 35 86 44 5 27 1088
47 8 22 3 94 32 22 5 1274
63 22 36 20 82 58 10 68 1493
16 97 83 93 17 60 58 48 1491
93 73 85 15 77 36 68 58 1443
24 73 21 46 32 4 44 11 1259
49 85 99 93 23 57 60 86 1031
47 52 86 38 9 76 17 10 1288
83 22 76 14 33 20 23 41 1461
16 87 45 71 20 22 52 51 1137
75 94 80 29 41 36 46 61 1086
61 80 21 72 45 98 25 78 1486
4 34 77 61 31 96 94 70 1489
2 30 10 57 80 86 70 49 1310
98 11 92 21 28 23 48 36 1209
76 44 53 88 4 3 50 49 1097
70 38 38 76 38 80 89 10 1516
74 83 32 9 28 12 42 3 1042
81 27 16 12 33 58 69 69 1136
59 74 22 1 34 45 10 55 1366
68 24 74 66 86 40 35 68 1154
4 92 66 54 3 33 96 14 1414
72 66 69 11 66 97 63 17 1054
51 33 64 84 39 65 12 71 1314
34 17 36 32 99 88 81 26 1310
41 66 37 77 9 63 79 33 1332
91 20 74 9 1 80 72 82 1128
42 13 91 1 56 88 47 13 1364
45 6 49 29 2 88 95 36 1516
80 18 73 53 78 64 96 74 1386
75 77 54 27 42 95 57 40 1473
