8 50
18 29 44 59 95 87 27 15 2264
63 70 29 48 39 67 88 94 2081
29 100 14 45 98 91 54 19 1786
55 34 28 36 42 63 2 65 2217
28 74 51 3 1 61 4 44 2102
32 55 44 95 44 4 8 44 2252
1 64 98 74 15 77 85 72 1950
95 63 97 77 43 62 37 47 2133
41 86 58 59 58 70 98 74 1808
33 81 77 71 98 14 74 24 2010
7 22 70 38 18 28 96 65 2275
23 52 37 86 16 90 58 3 1928
99 84 62 17 10 11 85 40 2075
54 39 13 24 84 78 73 2 2274
35 35 87 65 84 65 46 26 1855
22 13 35 97 31 8 15 9 1950
2 61 10 70 5 68 34 90 1863
2 94 75 35 20 64 18 26 2047
97 30 80 46 29 71 48 27 1883
62 99 23 37 54 64 19 22 2021
4 53 54 46 58 16 44 92 2249
7 53 35 14 60 67 51 64 1849
53 12 61 7 37 80 48 60 2056
29 38 78 2 61 97 10 48 2129
44 99 30 34 55 87 40 26 2134
15 33 10 74 30 40 11 61 1999
18 28 86 71 64 56 53 29 2229
32 65 54 52 94 71 89 8 2208
13 83 83 56 86 75 41 89 1887
63 86 91 24 56 91 94 15 1788
61 31 24 26 33 52 31 22 1929
99 21 86 15 32 7 51 11 2190
56 95 36 2 76 25 63 59 2074
71 75 51 74 3 19 61 72 1777
6 44 86 96 38 44 11 11 1828
10 21 15 15 90 17 88 71 2150
73 96 89 26 88 76 50 65 1984
78 37 8 66 38 80 99 90 2088
93 4 29 65 9 63 84 49 1861
32 22 99 44 21 36 85 62 1861
80 61 91 82 88 90 7 51 2160
14 47 88 39 31 23 92 83 1814
82 51 87 22 15 69 35 2 2157
87 55 5 90 13 57 21 99 2195
16 96 96 21 10 87 33 78 2111
25 89 66 100 88 20 17 42 2130
56 32 43 17 55 12 78 88 1915
13 58 77 78 57 96 4 49 1827
39 57 43 95 91 44 56 16 1895
76 57 59 87 54 30 13 74 1946
