5 50
100 6 70 63 94 706
18 53 88 52 51 714
71 92 42 84 15 966
81 81 30 23 71 940
27 74 63 56 94 180
67 86 33 89 82 264
21 53 41 73 76 465
63 73 39 54 25 278
52 24 56 90 90 359
89 39 15 37 19 417
2 34 69 9 74 45
82 39 15 32 59 1
74 5 30 29 30 695
6 54 47 80 97 940
31 34 30 89 22 1025
66 25 76 92 96 846
85 67 52 44 64 49
76 24 57 9 36 646
91 99 86 18 61 1076
8 27 83 26 62 1122
29 87 64 36 79 89
60 52 3 84 90 493
71 59 9 18 33 437
78 68 91 17 88 551
38 30 31 48 93 363
5 86 94 5 79 1098
58 85 23 81 53 205
95 34 52 95 78 1092
34 53 92 81 38 1109
49 41 40 70 22 234
47 92 33 25 51 1102
26 27 66 97 66 576
78 38 44 43 63 785
39 13 46 11 45 307
3 90 35 42 90 658
14 75 66 75 53 366
49 85 24 60 18 850
18 57 79 13 49 752
73 49 77 67 89 217
25 43 33 17 33 896
71 14 36 60 79 898
45 55 81 4 10 514
41 1 82 44 81 844
57 90 3 23 40 791
6 19 80 2 39 237
40 60 10 22 87 994
25 42 85 73 82 634
4 83 35 93 14 871
90 58 41 26 4 27
79 2 19 92 42 753
