5 50
96 47 64 27 25 1086
3 52 36 84 8 1666
41 41 92 46 6 1748
22 97 34 60 88 980
25 41 47 18 83 1493
65 44 55 95 78 1565
30 4 58 8 17 946
49 100 23 20 85 1783
63 94 25 5 50 1325
68 53 48 45 29 1435
88 64 39 21 31 1778
52 41 6 17 66 1434
49 46 67 43 55 1098
90 82 89 54 40 949
9 96 63 84 92 1629
73 73 11 81 26 1446
16 36 57 2 8 1202
99 20 60 68 37 1181
20 33 52 17 19 1150
95 42 44 84 3 819
80 36 53 2 83 826
44 98 40 26 77 1712
80 13 6 64 42 865
37 24 26 24 10 778
84 28 10 51 12 1244
17 35 67 88 64 957
47 34 69 98 34 1324
75 95 43 31 63 1517
100 48 59 37 54 1017
49 53 58 7 36 688
1 11 83 46 43 1403
69 6 52 19 44 1599
72 69 71 19 69 1298
2 89 94 20 14 852
82 89 47 22 13 1664
65 80 96 40 49 1144
6 8 68 47 11 624
55 83 62 97 80 1344
95 77 82 43 20 1599
17 60 68 78 80 1516
57 55 84 19 84 1704
81 96 74 44 71 874
20 13 28 6 24 1336
9 19 55 58 30 1429
17 71 70 67 23 994
6 30 81 83 3 1114
9 93 46 64 1 1639
17 86 88 42 47 1705
91 80 13 78 46 1171
78 23 25 40 74 1553
