8 50
80 76 96 42 81 17 46 74 977
3 74 75 88 48 63 45 21 1821
83 39 90 70 73 49 62 65 921
62 31 19 97 95 67 23 91 966
78 43 89 30 73 33 77 18 778
50 19 33 76 14 57 24 69 1201
97 37 74 56 90 74 45 92 1692
44 92 18 23 91 42 87 59 1741
86 2 55 27 61 65 22 10 1126
43 54 7 22 50 76 87 36 810
98 66 97 86 75 31 66 60 1575
42 19 17 23 89 40 59 43 1418
18 52 87 76 41 82 58 16 1524
12 47 53 86 68 11 67 50 1536
30 19 64 28 48 82 6 82 1859
8 27 67 97 13 85 28 98 1906
48 82 8 1 60 99 4 67 913
91 89 54 77 68 84 74 39 804
73 48 13 66 84 56 92 36 904
92 85 49 62 3 40 24 52 876
25 39 3 78 56 70 92 22 725
14 96 54 85 2 99 98 92 984
42 96 39 32 44 64 28 71 1921
16 52 38 16 90 10 62 97 1497
69 28 47 31 47 52 98 15 773
89 41 93 83 41 29 7 67 878
90 28 71 74 13 84 31 96 1368
6 17 38 8 24 6 95 21 1425
32 12 80 96 10 83 79 37 1749
26 88 40 60 79 58 44 22 1781
10 3 59 88 21 4 92 89 1572
20 19 81 67 71 49 25 80 1795
5 8 6 66 5 3 66 48 1181
35 56 22 22 26 41 65 11 761
23 34 90 54 24 21 51 60 1086
90 27 60 71 20 99 99 30 1354
17 28 86 39 80 95 4 72 1531
2 26 95 87 15 75 74 88 1851
60 60 69 100 64 71 25 15 1683
50 28 62 82 47 87 6 91 1174
33 3 43 36 34 48 16 38 1731
9 65 16 57 98 63 47 39 928
20 42 38 3 68 97 9 96 1373
71 72 71 10 80 89 80 15 899
15 58 66 61 57 62 34 96 1694
13 66 60 18 10 18 45 86 1894
38 36 60 89 47 16 75 42 1213
92 28 63 49 98 54 71 22 1024
3 76 65 63 87 4 38 7 683
5 12 71 5 44 59 4 76 1545
