8 50
77 98 93 78 63 4 25 2 1725
87 19 22 71 66 48 99 87 619
80 34 2 61 12 61 48 6 1431
27 35 83 13 15 35 38 10 962
44 6 85 35 25 30 6 76 1636
7 41 67 57 59 94 9 29 1296
69 45 20 34 9 49 84 6 772
29 1 24 55 67 71 20 59 1169
40 69 32 45 93 13 79 52 881
10 72 62 49 64 90 50 27 1419
91 60 59 67 63 33 65 80 659
10 49 82 100 59 46 22 27 1391
58 9 68 76 84 37 18 6 1649
64 70 2 16 6 34 89 96 994
18 26 5 85 64 51 15 47 851
39 7 95 87 100 21 46 27 1161
49 29 39 7 21 50 97 1 1429
33 34 73 34 80 88 68 13 713
51 73 3 19 40 33 61 20 1336
7 51 57 93 45 22 33 62 1541
57 81 82 90 41 37 29 93 679
42 85 41 86 98 14 26 9 1781
49 8 81 74 33 13 1 30 727
39 9 49 5 95 46 27 93 1563
27 65 17 83 90 76 62 31 1511
42 89 99 61 49 71 10 9 1043
68 23 86 66 33 86 1 38 1426
14 57 35 52 57 85 7 8 976
25 33 87 20 31 16 47 15 1200
82 95 86 90 64 50 1 92 809
56 62 56 10 35 48 30 59 1691
80 83 66 66 55 64 23 14 1788
18 49 21 41 33 70 74 76 1524
68 71 68 10 23 77 83 63 1498
62 45 9 70 84 63 96 98 1354
41 96 52 90 57 73 61 44 1591
31 61 100 59 78 12 33 63 1150
74 62 23 68 46 43 43 17 1400
89 12 22 80 67 23 6 87 846
66 50 83 4 40 69 78 21 1578
50 33 58 97 61 23 17 19 629
96 66 25 81 38 68 75 7 881
6 20 23 13 52 88 74 13 1706
18 51 36 2 95 41 66 62 1828
58 45 15 16 86 44 58 77 1570
92 29 24 44 74 76 69 77 1335
43 3 92 56 15 18 50 21 904
85 17 11 41 22 76 53 2 1290
31 89 13 20 70 50 23 61 1779
88 9 64 90 15 88 58 90 1659
