8 50
43 55 71 4 17 1 96 47 764
78 6 54 84 11 24 34 11 47
79 71 45 31 94 49 3 64 338
45 6 77 25 56 46 96 49 130
98 40 1 86 90 33 90 82 577
16 26 14 25 81 50 95 47 107
95 31 43 22 95 87 93 54 264
72 81 70 41 92 18 23 73 96
21 69 60 88 5 50 2 38 49
30 63 93 97 85 22 97 45 780
54 71 78 41 27 77 85 14 1080
16 46 5 6 46 12 42 40 54
54 2 29 30 97 51 92 59 996
86 9 99 70 7 21 28 43 641
67 46 10 100 84 3 12 99 558
93 9 92 2 78 13 94 22 561
46 90 15 49 49 45 1 17 144
50 54 1 30 79 66 14 11 285
52 1 60 28 8 26 17 68 1089
90 65 94 20 32 45 62 55 816
13 74 18 95 96 44 44 20 788
31 72 62 12 25 86 65 19 146
91 40 79 63 97 82 24 75 1058
32 71 40 3 39 7 10 40 42
75 17 39 69 31 67 86 41 427
100 95 74 63 16 84 32 34 155
41 54 43 99 65 42 2 11 224
11 70 85 77 16 4 14 11 87
88 76 1 88 62 78 29 82 917
39 16 58 53 49 1 80 88 480
26 63 93 10 85 23 30 96 534
23 67 45 13 67 15 27 33 988
79 30 24 51 53 46 63 48 12
94 15 93 61 36 89 84 49 230
74 41 28 86 12 49 96 14 432
36 21 1 3 84 61 12 75 156
77 84 57 1 88 47 16 76 483
82 31 55 19 45 35 96 13 711
17 53 44 98 56 15 4 53 552
50 49 24 83 43 1 45 63 4
82 30 7 40 34 64 62 32 98
59 92 16 71 64 8 16 44 821
54 90 66 33 79 57 3 61 733
72 26 50 9 8 40 15 31 115
30 19 82 43 48 54 87 18 85
81 20 41 81 96 75 53 6 685
90 62 45 29 30 88 48 58 22
11 17 7 81 94 18 85 37 847
25 95 79 37 6 17 55 65 663
76 56 57 57 38 85 62 59 35
