8 50
76 43 29 55 72 34 38 39 1608
22 89 83 28 68 84 89 48 1832
42 62 10 28 3 36 1 18 913
32 25 80 98 9 10 96 35 1082
40 63 84 40 87 62 2 38 1833
70 9 75 81 41 70 50 82 1685
90 87 34 75 74 79 99 9 734
60 80 74 93 11 5 23 62 944
2 14 60 94 12 38 99 55 1568
45 48 45 24 62 11 17 48 706
32 79 43 54 71 55 57 98 1841
80 89 89 74 57 90 61 69 932
85 42 7 16 40 84 69 34 1725
67 37 96 73 79 55 76 50 1813
6 44 83 89 91 32 33 12 767
11 20 75 26 20 15 30 91 1613
77 10 35 15 74 46 16 14 1101
53 52 86 86 85 14 77 50 697
14 69 55 73 77 78 49 32 694
98 61 30 73 15 54 49 21 1293
63 62 66 70 94 42 20 52 1043
78 89 89 20 51 32 81 39 1028
55 22 75 74 14 90 70 30 1925
48 80 75 82 66 89 12 6 1661
50 90 45 38 25 55 92 35 958
15 89 70 50 94 22 80 59 1803
18 54 83 3 1 66 92 69 1375
33 61 82 93 82 95 81 55 1646
78 69 7 83 38 96 49 72 1330
31 78 45 82 4 90 69 46 1315
22 99 39 73 46 3 50 38 1361
13 4 11 20 78 80 53 63 925
47 93 34 72 81 47 79 27 1451
86 97 50 68 59 13 18 25 1530
83 72 50 12 37 98 18 44 911
17 57 74 84 14 20 96 87 1479
54 34 100 49 15 19 38 55 752
36 70 72 1 39 32 93 48 1260
9 38 85 78 75 77 2 92 1914
64 53 2 80 30 55 82 70 1230
54 14 94 36 10 88 86 72 1596
2 34 20 13 6 85 35 86 698
5 43 28 50 35 33 79 73 1917
34 2 80 78 11 57 18 81 1722
64 70 96 54 17 66 82 15 683
59 11 59 43 34 14 20 4 712
2 16 15 34 5 95 65 4 1888
40 2 16 86 84 30 81 48 971
98 90 2 70 29 61 95 12 1299
15 39 66 4 43 53 60 26 926
