5 50
28 52 60 95 81 491
84 63 75 79 92 949
38 96 53 80 20 25
26 52 57 42 59 1013
15 82 26 63 22 634
58 74 41 58 20 131
51 65 53 50 57 961
89 38 58 24 12 844
55 60 59 75 13 566
3 69 14 56 82 500
21 47 52 50 90 584
56 14 59 51 99 101
19 6 63 81 46 766
37 88 100 80 33 496
81 98 37 39 29 594
86 12 98 74 17 827
23 44 71 67 65 172
35 73 87 28 54 368
36 32 31 24 28 343
86 2 60 6 96 868
27 10 57 23 53 470
72 4 71 66 77 746
61 85 7 10 50 824
9 27 86 32 84 602
100 23 78 52 41 844
81 19 83 67 39 910
42 13 66 80 4 176
58 14 44 54 48 241
27 39 17 9 46 188
89 28 87 78 6 170
14 95 21 24 35 642
39 74 6 39 92 375
39 71 36 83 58 74
24 66 19 58 15 461
29 59 83 77 27 960
36 33 92 21 51 1051
61 20 95 44 100 88
82 13 5 86 55 415
84 12 71 88 8 662
7 63 82 20 79 647
67 16 25 18 25 137
6 66 92 12 44 141
83 83 57 47 15 29
11 1 4 28 27 458
37 3 78 65 34 599
1 23 79 49 17 734
1 52 14 19 76 171
32 50 66 6 52 1010
51 41 56 97 51 854
64 75 85 72 64 366
