8 50
7 87 1 51 4 67 54 46 1122
37 81 56 22 95 99 31 21 351
34 71 26 90 80 26 99 58 797
92 20 6 62 67 86 26 72 6
27 99 97 35 75 2 80 74 697
42 66 63 27 59 23 57 92 1070
96 80 92 34 1 42 10 2 333
96 12 43 85 95 56 11 98 1052
29 77 34 46 53 16 98 87 856
67 32 8 81 92 9 3 49 52
96 45 17 10 98 98 82 90 850
88 14 50 56 63 63 74 23 503
41 53 3 100 14 71 26 59 28
84 50 31 52 74 68 95 99 140
10 31 83 64 13 80 80 85 824
100 47 40 97 40 60 46 30 800
15 4 8 44 41 44 43 44 322
88 1 53 44 92 1 59 96 819
98 85 50 14 99 67 63 37 94
83 82 3 90 98 27 44 79 76
55 10 29 29 84 46 90 45 939
57 5 36 21 36 63 14 43 472
39 25 52 70 40 25 51 5 1087
14 56 9 89 77 67 18 82 345
84 58 95 96 29 2 34 18 760
57 57 55 87 96 39 37 28 970
35 75 75 46 91 47 60 100 159
81 88 73 72 21 73 11 35 559
44 13 41 26 69 71 39 62 931
73 26 63 38 69 33 70 20 572
36 68 11 52 78 16 35 84 422
100 96 20 25 41 64 64 78 1020
65 42 20 63 96 27 30 31 1030
44 51 26 6 19 8 52 33 1087
83 80 30 98 95 5 15 64 881
99 12 53 27 90 81 39 40 601
63 90 54 47 73 74 94 56 755
96 53 19 56 49 85 8 36 648
36 54 18 27 75 9 33 32 376
33 73 88 58 20 24 2 91 689
76 41 54 91 34 38 75 53 501
39 51 30 46 29 75 68 77 704
6 15 34 79 86 53 84 60 335
71 87 18 93 55 80 41 56 682
23 54 33 65 13 32 85 54 1070
39 46 24 41 1 47 83 21 561
58 90 87 62 64 12 24 73 187
6 41 82 14 19 65 39 8 272
47 93 89 42 19 34 29 72 936
14 42 12 2 42 24 1 46 381
