5 50
97 91 77 56 29 731
96 7 51 74 42 1111
63 98 82 5 57 1483
47 54 79 16 12 3
92 8 33 65 41 1143
63 38 100 31 36 438
100 66 27 8 54 262
89 83 70 47 19 722
6 92 74 46 52 409
1 43 20 15 51 1358
85 73 50 37 18 413
51 9 13 66 50 1267
73 24 100 83 17 646
86 13 49 41 43 766
26 98 87 21 36 41
43 31 90 42 52 760
60 50 83 78 11 741
60 61 81 69 40 1337
29 96 29 57 64 736
62 87 3 13 44 210
40 100 80 45 69 35
30 70 21 58 29 1194
42 32 32 27 52 351
37 1 99 68 74 319
87 38 73 23 3 55
75 34 75 43 18 622
40 89 23 27 9 223
7 1 72 17 47 1211
6 72 35 79 43 938
81 78 66 87 69 1019
41 75 27 48 64 689
22 84 85 16 85 807
27 2 56 73 51 1366
73 21 25 22 41 1481
3 37 1 76 81 749
99 93 30 42 62 207
18 90 89 52 7 1314
27 22 58 30 89 427
27 9 38 49 18 309
91 26 23 59 26 477
36 91 72 40 78 101
26 79 24 83 37 274
40 57 17 73 56 31
28 49 82 21 38 1114
52 58 14 26 73 972
98 66 48 62 23 1076
36 99 76 16 26 1464
52 17 8 62 43 828
36 18 56 90 56 948
72 57 20 29 100 1172
