8 50
41 44 78 61 27 29 3 77 1546
36 56 66 20 76 47 56 7 1357
70 96 11 100 41 17 8 23 1529
38 15 98 70 27 30 23 39 1450
98 18 51 29 25 1 51 6 1054
52 31 52 88 84 90 12 35 1074
43 67 30 49 91 8 1 31 1208
91 80 9 96 44 92 66 87 1091
56 92 52 54 57 5 32 68 1541
64 68 67 38 84 71 76 38 1221
24 42 48 79 51 32 75 97 1331
84 7 66 88 13 46 75 35 1054
64 10 9 15 35 59 57 92 1051
15 63 24 67 12 67 38 36 1457
12 21 50 22 74 21 58 93 1346
56 64 58 47 26 99 8 30 1363
65 100 34 69 88 9 76 25 1330
78 56 51 10 88 58 59 42 1505
96 24 8 21 59 40 82 78 1161
43 4 18 13 55 30 59 81 1448
31 2 91 12 51 37 67 12 1493
51 75 64 44 37 84 34 56 1454
30 83 45 25 14 83 83 76 1286
77 57 45 65 85 81 29 83 1323
62 8 99 79 72 90 87 84 1221
97 93 67 89 98 22 33 37 1245
61 14 11 26 59 15 96 97 1508
83 72 82 92 76 27 50 25 1490
55 90 64 46 12 12 56 98 1186
37 100 47 100 87 78 22 37 1543
66 49 32 86 63 65 98 43 1357
48 81 60 89 66 40 94 87 1468
65 40 8 3 41 79 69 34 1364
57 33 82 9 69 94 42 62 1167
47 100 29 12 1 23 65 38 1515
52 97 32 25 9 60 68 68 1202
45 94 44 3 78 3 56 95 1341
68 17 30 26 15 72 1 41 1170
3 63 6 14 61 83 13 99 1339
8 82 38 44 64 59 17 96 1312
38 72 35 81 48 92 79 78 1222
78 50 8 28 9 86 79 33 1453
95 18 18 81 12 71 58 1 1485
51 82 34 61 7 73 22 20 1425
52 79 99 43 25 54 11 66 1446
24 90 51 70 16 70 23 80 1408
77 90 79 36 97 77 87 5 1249
49 88 32 36 55 38 64 84 1158
91 97 74 69 60 61 20 36 1552
1 68 13 45 75 94 54 86 1268
