8 50
18 15 13 8 100 18 16 78 743
63 21 83 29 62 46 60 39 1671
9 60 77 48 4 45 25 63 681
74 43 8 57 36 16 62 34 1678
43 100 11 38 98 11 99 23 1311
8 79 89 81 80 82 49 98 1797
95 48 74 56 8 44 56 39 1279
93 29 74 95 96 67 95 9 1389
34 89 91 61 57 69 20 88 1573
89 94 50 15 5 41 46 80 928
39 32 53 16 67 55 25 28 646
88 20 32 71 70 48 21 48 1037
65 22 83 100 51 23 75 7 1195
68 11 94 75 63 35 7 45 1596
46 47 61 47 14 99 4 78 1061
36 72 37 73 27 76 51 14 925
78 30 85 99 9 14 41 11 739
75 29 9 22 35 48 96 54 1358
28 58 71 15 4 99 6 38 727
52 66 77 33 57 75 6 66 1392
51 6 16 86 78 86 5 32 1529
76 9 80 94 53 75 26 33 982
96 81 54 39 15 24 58 86 766
90 70 32 36 68 40 85 62 833
98 29 61 65 64 26 31 29 1117
41 31 82 52 100 16 52 39 1880
36 91 74 83 73 13 64 67 1409
36 47 11 44 58 12 100 29 1035
4 4 31 96 85 94 63 100 1564
42 70 23 100 54 80 6 33 1180
98 89 55 95 28 79 73 30 657
16 14 17 74 73 66 40 23 1641
88 58 66 83 82 92 90 40 1773
57 86 4 63 1 83 1 33 1841
7 66 54 40 78 46 44 13 1644
88 15 14 55 50 91 39 32 1664
80 12 66 14 19 61 11 73 1706
65 4 20 75 90 80 60 33 931
55 35 50 28 47 41 85 30 942
85 81 99 65 45 46 12 44 1188
34 42 96 93 8 52 3 59 1180
13 68 63 94 85 36 51 83 646
2 35 56 88 41 100 77 51 1507
74 68 23 2 30 96 12 15 661
19 47 79 73 48 19 89 23 1170
54 77 50 18 38 54 55 5 971
83 95 6 32 86 68 83 22 838
25 93 70 5 69 85 9 29 1763
31 52 67 88 97 26 69 19 1556
44 28 28 33 52 11 27 18 1348
