8 50
23 18 38 12 15 3 92 16 1243
47 45 70 31 64 61 75 15 1108
3 97 31 45 22 60 40 77 1370
76 93 31 87 45 99 9 92 1132
72 25 27 30 14 99 91 33 1167
59 1 51 26 51 19 59 20 1264
1 21 66 24 71 83 69 73 1032
70 7 84 1 43 89 61 46 1450
34 76 6 72 42 39 65 58 1210
58 59 46 80 6 55 33 24 1226
21 64 48 91 37 46 63 41 1054
39 94 78 84 88 46 63 82 1166
9 93 64 6 91 4 99 40 1249
95 25 77 43 96 21 12 74 1282
48 82 33 6 60 21 64 51 1368
34 14 56 65 49 88 74 84 1027
76 2 57 19 82 24 93 98 1005
94 81 41 91 53 78 33 87 1408
20 63 8 24 8 32 33 76 1069
91 59 32 99 21 88 71 10 1292
91 89 9 28 30 12 35 29 1120
63 33 34 57 6 4 52 90 1044
80 31 70 85 10 48 17 67 1374
86 89 52 30 28 67 22 53 1465
54 44 16 5 12 28 65 37 1044
50 91 23 64 74 29 41 52 1140
53 38 83 27 25 87 18 78 1318
76 60 5 96 55 60 43 20 1449
13 17 46 8 98 85 42 29 1101
52 94 46 61 73 28 96 13 1100
73 36 79 35 69 18 54 41 994
60 64 43 87 49 82 5 21 1035
25 98 62 96 90 73 83 58 1192
41 81 41 20 16 28 32 20 1182
54 45 30 96 59 94 34 61 1260
19 90 94 87 18 71 66 8 1069
94 34 41 75 16 1 20 47 1380
35 26 21 32 74 3 82 30 1061
56 82 40 79 2 9 18 14 1267
7 24 49 37 67 74 4 42 1166
98 77 55 14 62 62 5 97 1195
96 64 30 54 47 76 34 38 1401
46 29 20 15 34 49 18 87 1183
94 87 10 100 91 23 16 87 1080
63 43 16 4 82 59 14 12 1363
31 67 52 61 63 55 96 49 1470
40 35 83 90 88 44 2 41 1219
28 32 75 2 50 29 85 18 994
60 12 3 26 20 47 71 71 1455
61 35 7 86 47 60 60 6 1021
