8 50
60 56 43 19 97 41 33 70 2139
97 71 75 92 33 28 22 83 1476
40 91 48 30 98 91 2 25 1754
7 30 50 23 14 68 68 4 2132
54 87 8 28 40 45 56 24 1443
10 19 56 52 8 69 67 100 1462
89 24 91 39 1 11 73 21 1514
4 33 30 48 81 37 5 73 1457
40 7 80 100 5 3 12 65 2339
2 8 73 40 98 10 10 87 2474
67 6 19 79 97 89 40 12 1773
33 40 59 53 88 96 56 23 1866
60 66 20 49 67 36 60 37 1971
37 92 20 28 41 28 48 87 1837
30 58 53 72 44 18 83 43 1548
96 71 81 66 100 39 90 51 1845
84 94 47 40 28 39 77 12 2398
23 47 88 72 95 74 16 76 1837
6 96 79 91 16 98 35 16 2126
66 97 1 3 67 38 82 15 2026
93 51 9 86 38 49 42 30 2568
31 78 61 44 37 41 98 66 1803
54 55 8 57 42 100 67 73 1887
51 83 50 92 93 74 20 77 2043
67 54 51 49 2 73 87 95 2643
75 77 52 65 98 60 54 65 2289
76 64 48 72 70 5 95 16 2447
99 84 21 46 72 31 41 60 2047
21 10 8 75 80 32 52 11 1476
65 95 68 1 64 72 25 13 1638
38 42 68 58 36 100 20 83 2077
89 13 68 23 11 36 52 87 1743
45 48 48 22 47 14 22 82 2082
54 4 46 73 69 56 26 18 2592
80 66 63 13 91 46 13 77 1462
43 6 9 1 41 58 45 48 2038
61 92 100 100 5 86 28 40 1567
61 38 48 14 38 69 22 53 1561
12 67 93 23 81 47 26 29 2105
79 22 56 70 47 36 21 66 1634
62 85 83 68 68 85 43 89 2363
44 51 32 74 15 3 83 20 2021
9 38 10 19 96 42 23 41 2237
90 45 11 72 97 87 59 61 1632
12 64 49 98 41 58 53 94 2532
93 23 54 51 64 29 31 24 2370
54 59 63 49 53 83 49 48 1749
4 53 12 61 14 66 83 85 2503
43 56 42 13 16 26 24 85 1762
73 91 60 91 65 88 26 34 1777
