5 50
23 8 22 84 51 1197
37 41 55 11 13 1373
66 54 66 4 30 1253
94 70 9 75 88 1221
1 13 36 2 29 1131
19 15 98 32 88 1234
32 59 63 70 78 1064
46 87 97 37 90 1415
37 70 63 39 90 1139
55 12 19 54 26 1091
13 30 50 10 90 1394
79 51 44 35 76 1077
66 6 44 19 53 1376
33 12 93 47 54 1119
72 4 14 73 91 1486
79 100 95 85 56 1140
64 41 52 85 83 1046
54 22 43 86 64 1476
85 37 77 69 32 1200
72 9 9 87 30 1377
74 34 40 72 48 1168
96 94 71 27 86 1139
21 18 56 81 40 1126
38 74 71 72 70 1500
25 51 10 9 14 1423
27 59 81 91 70 1153
34 85 8 3 22 1119
38 23 41 16 38 1538
67 5 14 89 99 1320
1 25 61 97 75 1153
64 43 13 41 26 1355
41 80 17 79 23 1431
72 60 22 9 54 1363
83 85 92 69 14 1219
72 57 73 48 71 1460
64 68 63 94 17 1184
84 24 42 18 65 1079
38 81 77 47 92 1291
58 41 3 83 91 1338
79 7 72 87 60 1184
28 82 15 99 28 1100
24 23 76 87 54 1309
73 94 61 28 37 1077
65 45 78 63 44 1146
12 50 89 92 13 1271
47 80 63 59 24 1267
66 78 51 44 2 1468
25 76 55 87 100 1215
57 93 20 73 86 1521
78 35 17 29 26 1463
