5 50
12 77 31 24 29 287
33 44 3 27 81 707
24 76 7 8 51 472
14 75 40 61 66 893
35 8 1 84 43 28
12 96 11 38 59 733
65 69 52 58 39 274
3 45 72 21 75 62
74 18 1 70 63 844
79 42 13 85 2 23
88 70 24 71 90 310
56 81 3 46 36 26
22 88 69 85 54 744
16 99 91 39 53 763
37 6 65 61 88 616
92 85 51 89 48 104
77 6 48 4 78 89
88 97 47 27 13 894
22 68 44 29 73 402
30 38 16 4 60 7
53 44 10 27 28 758
24 79 57 80 83 953
4 8 79 35 52 1001
20 98 35 82 93 639
61 51 21 52 26 877
98 16 47 69 20 645
21 75 90 65 81 734
10 36 50 68 38 317
56 51 19 88 60 1034
32 85 92 18 72 496
29 5 48 59 2 424
24 22 95 92 53 533
90 25 20 56 78 831
13 73 72 71 79 973
88 66 13 43 17 649
94 4 15 35 19 232
1 4 6 67 23 77
46 71 75 15 4 424
75 3 22 64 4 37
46 46 70 68 1 774
28 87 39 30 12 473
3 39 99 33 59 564
22 91 35 89 5 695
36 38 21 58 89 730
78 21 34 30 95 687
27 12 14 45 69 127
64 57 44 82 93 492
74 76 83 42 57 363
57 76 74 89 5 696
32 97 80 90 22 510
