8 50
79 54 56 59 39 89 10 78 606
32 30 50 67 85 45 63 56 678
49 4 41 86 81 41 5 54 384
97 68 23 79 58 9 37 83 389
87 63 6 71 100 94 28 6 620
30 87 99 44 8 73 74 80 683
61 30 94 43 35 10 14 76 448
59 70 68 28 74 29 21 8 304
100 47 36 69 87 68 7 95 307
91 40 70 30 43 6 72 97 374
22 26 80 92 47 78 64 77 569
97 65 59 13 35 58 24 28 695
68 10 54 86 90 97 7 55 556
24 81 36 98 4 69 78 41 369
25 69 29 64 42 65 28 67 388
79 67 41 56 1 1 30 50 494
29 99 13 90 35 61 80 24 489
29 84 16 82 69 74 7 91 615
86 11 51 27 48 44 41 100 266
29 99 70 76 72 81 52 30 701
8 35 12 14 20 65 74 45 355
85 54 7 88 91 96 67 11 430
37 7 97 45 28 15 63 18 714
54 23 16 25 20 19 29 72 709
12 10 59 52 75 68 66 81 334
66 78 47 46 58 28 62 49 393
98 89 68 14 84 65 86 72 274
20 11 93 55 80 87 29 64 294
75 27 75 2 68 23 28 14 617
90 77 26 26 26 25 93 65 302
76 95 6 30 86 11 95 65 625
41 41 92 46 97 84 16 42 329
11 94 59 95 41 70 90 35 496
34 18 39 94 54 64 19 3 383
64 70 98 89 43 21 69 19 583
86 62 49 51 15 66 47 90 320
57 28 19 54 68 44 14 56 557
62 39 63 48 76 12 29 23 390
42 37 45 51 95 90 17 65 345
11 36 13 48 50 46 73 44 633
69 85 48 77 27 66 55 33 583
21 84 17 19 22 94 37 33 336
10 86 89 9 57 70 42 87 640
23 95 43 18 85 28 79 20 720
91 28 41 87 100 83 98 10 634
13 10 1 35 97 25 58 26 447
20 85 53 21 47 70 40 85 696
52 47 44 5 78 39 35 82 322
83 30 46 76 72 68 86 43 488
92 9 24 92 73 14 97 40 724
