5 50
88 64 88 4 5 1288
21 15 39 26 29 714
40 4 46 36 100 1165
51 23 62 71 53 1212
33 10 84 10 76 1478
50 18 99 24 98 1514
48 92 40 50 6 1907
91 91 76 37 37 1129
53 51 25 13 36 955
37 85 87 72 59 750
11 67 65 98 65 1416
26 97 16 87 72 1727
42 97 37 47 17 1484
79 60 98 19 24 816
84 50 38 63 64 1306
25 95 36 29 3 1682
55 8 76 42 36 1341
88 23 33 93 52 905
50 56 80 99 54 1283
34 83 25 61 54 1654
25 49 59 60 91 1694
37 33 67 99 34 1657
96 27 47 72 32 1725
93 84 14 78 24 1732
37 38 59 19 3 811
36 65 8 95 39 667
39 99 90 71 36 1463
7 11 93 96 76 750
30 60 90 42 52 788
97 37 45 99 78 1535
54 53 27 34 89 1413
28 22 36 12 18 1802
4 25 8 76 73 1402
70 21 24 63 67 1742
68 60 58 9 15 819
57 3 10 65 61 888
77 78 78 32 58 1004
84 65 32 57 59 1216
29 31 90 2 5 1705
70 75 99 27 67 771
37 11 54 66 27 1051
76 14 39 94 55 1519
45 14 60 80 48 1154
29 15 48 35 82 882
72 69 64 12 93 889
72 49 72 79 68 1641
70 15 19 25 42 1183
86 55 87 32 9 1367
48 56 60 52 34 1578
47 62 98 52 70 930
