5 50
5 42 50 68 93 1965
100 21 70 52 13 2471
3 32 83 26 22 1933
54 22 36 95 32 1356
20 94 74 67 22 1613
48 85 65 45 23 1091
9 43 36 83 80 1571
9 66 77 5 9 3017
20 48 17 99 35 2359
78 46 1 37 2 2010
89 25 88 26 88 2366
71 7 26 8 29 2393
51 7 49 48 93 1194
24 51 21 78 4 1376
27 80 87 86 63 1842
52 2 30 86 50 1292
21 49 80 74 46 2652
31 32 44 34 50 2879
99 39 85 38 88 2286
88 78 79 24 29 1865
60 6 32 12 53 2738
87 89 61 62 18 1310
27 46 62 73 73 2736
94 65 78 88 72 1191
4 78 73 50 44 1230
48 96 14 28 58 2819
11 76 60 65 36 1173
47 14 43 38 96 2586
1 98 57 12 44 1576
6 59 98 71 91 2967
5 53 50 40 31 1012
43 43 19 49 90 2131
16 14 19 6 41 2529
13 94 72 38 54 2569
75 84 61 45 39 2924
85 87 52 23 93 1281
67 82 14 99 2 1107
1 5 61 45 53 1493
30 89 72 35 77 2874
91 17 72 38 84 2013
53 19 23 18 93 1229
25 77 44 43 82 2534
73 79 41 46 81 2192
92 90 65 74 40 2725
60 8 96 66 66 2974
45 4 96 83 48 2873
42 29 23 75 27 3010
13 69 84 48 81 2502
60 5 8 52 29 2223
100 50 2 76 35 1221
