8 50
3 20 6 69 99 82 99 70 1147
2 17 85 12 37 41 55 45 1208
78 76 13 96 39 13 98 95 1320
59 2 55 14 42 42 78 73 1301
59 40 19 22 55 63 35 69 1387
31 74 59 15 70 42 35 52 1489
28 53 27 28 46 57 4 36 1163
51 14 12 10 43 36 64 50 1285
30 28 82 79 63 80 90 65 1009
1 93 76 52 77 5 94 77 1093
5 30 76 36 29 22 93 70 1406
100 31 56 67 82 60 71 23 1038
47 20 78 4 78 86 35 87 1364
11 26 64 59 86 80 18 66 1311
73 2 25 44 75 43 12 13 1187
27 85 15 62 30 66 70 30 1180
12 7 55 81 50 68 62 97 1105
35 84 52 17 40 52 66 90 1080
68 26 36 92 90 96 90 9 1457
85 33 13 83 45 47 13 16 1335
91 37 57 74 73 59 68 57 1153
47 36 91 88 9 52 79 57 1488
94 78 32 68 96 3 30 34 1459
5 55 99 3 97 67 93 86 1327
57 88 21 63 100 31 64 93 1144
24 42 29 21 7 45 40 7 1060
90 29 98 12 6 85 48 32 1414
77 22 20 76 19 65 85 10 1206
22 22 10 44 35 27 38 99 1201
46 80 79 13 7 78 45 76 1371
70 35 12 44 15 77 4 79 1007
39 63 16 72 91 90 73 62 1073
30 27 21 29 1 68 91 65 1472
65 29 8 70 69 1 66 4 1371
44 17 84 33 9 17 7 15 1472
89 29 24 9 81 93 54 9 1251
28 48 72 11 44 13 66 17 1140
100 83 52 90 36 71 92 92 1123
65 15 14 61 26 53 72 80 1029
68 29 39 25 76 39 67 22 1438
70 56 49 32 26 62 55 42 1165
8 99 72 48 6 19 50 74 1344
53 60 100 33 87 6 96 14 1294
15 30 85 99 86 59 100 35 1036
10 12 28 86 64 61 91 63 1136
17 20 87 67 97 17 17 19 1474
95 73 100 30 4 4 49 54 1108
44 57 19 67 37 66 81 47 1310
73 64 15 43 94 20 21 66 1316
55 83 17 21 46 47 43 59 1115
