5 50
5 55 32 19 55 1895
55 50 29 72 27 1986
25 7 55 55 88 1867
5 69 9 54 100 1222
62 4 53 59 64 1205
17 53 61 2 29 1372
63 75 84 40 78 1476
47 22 53 94 14 1891
54 27 18 10 14 2141
20 45 55 5 48 1347
77 18 76 24 4 1605
62 3 8 44 55 1825
58 33 88 84 31 1095
59 28 73 41 78 1241
37 49 57 48 85 1006
4 51 94 53 85 1592
55 50 47 14 90 2203
9 75 35 96 72 2491
17 68 7 40 53 2609
85 16 14 9 8 1460
28 8 74 54 46 1153
29 69 50 46 91 1985
32 55 97 83 53 1614
51 44 61 11 75 1809
54 65 27 20 74 1067
5 80 94 16 71 2391
70 61 15 9 67 2282
30 11 11 75 67 2099
32 9 9 37 2 1946
19 7 17 26 41 1314
63 17 21 14 86 2363
100 100 67 2 40 2540
4 71 18 71 46 2719
30 52 52 50 71 2329
26 71 19 34 21 2155
16 10 97 76 96 2033
8 57 56 77 73 1823
49 35 15 35 91 2279
26 62 18 58 18 1253
2 53 43 78 76 1491
53 90 7 71 5 1983
4 12 55 25 63 1484
88 37 78 41 21 1468
83 86 68 34 77 2111
85 57 65 80 96 2471
8 57 14 81 71 1684
29 3 14 19 90 1723
38 100 43 65 95 2140
51 63 61 11 5 2572
44 67 76 100 72 2705
