8 50
55 8 94 18 44 2 16 74 2953
26 51 24 23 79 48 96 15 1259
43 39 45 35 50 5 33 98 1962
87 1 52 96 11 40 88 66 1103
88 67 37 52 40 16 58 79 2862
9 50 68 44 18 38 70 6 1369
33 66 30 36 86 99 67 63 1165
49 84 56 36 91 71 24 65 2610
54 63 58 44 58 21 58 58 2590
7 95 24 66 64 52 41 96 2101
81 37 69 19 4 47 32 28 1194
9 6 55 42 55 5 76 75 2657
2 44 40 84 98 39 37 32 2561
80 67 48 81 11 1 53 36 2946
50 17 20 70 49 81 18 38 3042
28 83 1 81 55 16 45 55 1654
78 62 84 84 44 46 94 67 1168
87 78 56 6 98 91 25 26 1909
4 46 66 32 7 20 32 80 1430
98 62 72 53 23 66 38 10 1033
59 4 17 19 29 72 66 42 1310
86 16 14 83 86 40 53 43 1590
2 60 45 77 87 6 76 55 2619
76 65 97 82 39 69 36 54 2422
94 95 28 61 31 99 32 46 2132
68 33 89 54 9 25 71 74 2364
42 71 90 42 46 61 3 73 2894
52 46 2 89 35 27 94 49 2633
89 95 88 74 47 97 77 46 2618
21 20 31 87 24 38 52 51 2764
47 22 52 86 86 66 68 60 2862
48 98 35 57 55 60 73 99 2580
22 4 66 51 26 52 28 22 2570
33 39 16 77 35 63 15 54 1531
46 98 11 69 29 17 67 16 2239
18 84 68 95 64 78 77 54 1763
67 54 17 47 27 72 54 30 1427
92 52 14 16 26 31 82 72 2844
93 83 69 76 41 34 38 87 1723
48 2 28 41 100 71 49 44 2910
66 48 91 10 25 87 59 39 2153
19 28 10 88 34 64 81 4 2243
13 33 52 86 76 52 59 31 2519
25 54 35 61 61 89 6 40 1990
90 96 89 53 82 11 94 96 1148
28 34 59 42 9 68 53 62 1269
94 72 76 7 100 33 82 83 1769
33 45 34 19 85 30 39 95 2549
11 36 9 14 5 78 48 58 1596
72 80 94 85 49 4 42 71 1823
