8 50
95 36 37 2 67 85 27 18 1797
74 52 79 62 53 69 29 49 2088
16 59 95 99 49 78 42 77 1771
76 100 23 92 75 29 30 44 1792
63 76 86 86 83 1 98 61 1962
25 40 80 57 34 58 100 89 2218
25 55 7 67 23 63 73 18 2191
90 5 31 51 23 37 25 51 1757
100 45 63 100 34 90 78 85 1965
11 43 10 39 48 38 74 97 2208
24 14 23 4 92 6 32 100 2058
34 96 65 41 20 48 31 94 1749
31 1 56 42 47 52 79 11 1982
32 16 58 39 61 62 58 1 2039
17 54 55 29 87 25 89 91 1760
74 73 89 94 57 45 24 64 1835
71 50 37 84 30 59 17 82 2200
85 67 32 58 23 40 33 20 1945
34 38 34 35 57 5 74 44 2101
5 80 55 85 70 10 19 77 1866
32 14 65 39 68 79 12 99 1990
25 16 92 44 94 90 47 98 2104
69 9 50 89 56 67 60 7 2080
12 49 31 95 75 90 2 7 2085
23 63 53 95 59 12 51 86 1966
4 35 49 43 8 22 88 4 1956
9 1 73 64 58 58 86 15 2193
10 24 40 79 65 66 91 16 2070
10 84 70 79 78 26 95 58 1863
2 76 40 86 51 18 8 30 2227
71 89 96 43 74 29 98 29 1943
11 33 27 66 43 12 43 56 2214
92 13 29 59 42 53 4 19 2127
60 7 50 3 15 20 2 59 1988
30 65 31 47 65 30 74 33 1973
87 84 20 91 94 41 54 8 2043
58 34 41 13 53 89 46 2 2108
13 12 17 35 2 6 63 96 1880
94 73 10 72 34 4 100 1 1771
3 5 3 99 77 29 52 40 2216
30 79 61 22 86 66 52 59 1806
94 91 1 93 34 51 23 72 1765
95 37 84 89 29 34 26 68 2220
22 100 44 41 32 85 36 43 2171
19 32 100 77 93 13 64 1 2198
25 29 48 2 34 63 18 8 2104
62 29 58 75 43 30 76 56 1769
32 62 66 43 75 15 43 1 1948
38 89 59 40 75 56 88 97 1982
28 52 56 89 79 82 84 84 1802
