5 50
72 40 36 76 67 1733
87 6 26 70 80 1664
19 56 97 40 77 2023
78 30 82 83 11 1759
47 34 6 38 60 1992
68 60 85 67 98 2040
25 90 85 15 56 1712
95 87 38 68 75 1866
92 2 32 29 13 1651
11 44 41 42 53 1776
9 17 67 3 30 1688
90 75 11 76 83 1913
8 100 75 8 15 2052
76 26 3 33 91 1907
13 55 95 63 48 2054
26 57 58 23 41 1930
25 9 56 21 34 1931
74 12 8 7 80 1646
14 12 62 21 21 1981
75 97 5 8 64 1751
39 10 3 66 70 2100
47 79 6 15 88 1989
21 49 18 86 76 1860
98 77 55 24 65 1638
3 25 51 97 62 1679
59 62 15 8 24 2062
39 35 28 42 54 1789
47 21 34 37 82 1926
99 23 64 46 74 1800
88 20 17 87 98 1857
62 36 23 92 3 1777
78 67 61 88 27 1640
10 51 87 28 89 2051
17 40 14 96 4 1971
9 29 47 66 98 2052
20 24 47 78 70 1718
80 43 70 6 72 1767
63 26 58 29 86 1813
33 20 69 36 28 2040
78 37 46 47 89 1653
56 5 12 76 97 1804
4 56 30 76 63 1831
40 36 4 74 15 1895
3 29 48 4 61 2069
32 48 26 42 36 2077
61 6 14 16 58 1786
21 33 4 13 74 2095
43 76 7 22 45 1888
14 36 71 55 100 2034
27 18 58 90 93 1837
