8 50
86 49 62 6 75 38 22 84 1302
88 90 74 12 16 59 21 27 2050
51 42 54 64 20 57 28 81 2334
81 23 35 15 88 22 61 94 2314
50 36 16 71 7 76 14 14 1548
21 55 47 30 72 18 41 3 1772
57 39 26 26 9 4 9 34 1430
5 67 74 58 64 7 55 30 1886
97 81 99 64 9 2 11 24 2364
58 80 22 9 93 51 53 21 2301
38 55 94 42 2 3 43 15 2250
33 71 27 19 76 10 82 44 2317
21 65 98 47 90 20 93 97 1464
3 50 99 29 55 78 11 65 2172
60 5 2 42 73 21 95 100 2234
61 72 3 97 54 66 95 28 1767
67 39 14 81 58 89 36 3 1348
44 56 63 74 10 46 69 3 2199
16 45 71 85 36 15 17 17 1980
1 86 21 55 32 100 80 26 1336
35 64 90 90 60 29 9 25 1586
21 99 37 89 5 92 43 19 2341
45 8 35 95 69 64 59 70 2368
24 96 81 23 79 59 80 95 2454
45 43 82 35 14 49 43 27 1321
65 18 93 20 66 11 40 78 1356
45 98 73 31 25 41 35 19 2040
52 30 91 64 3 52 67 41 1974
100 50 22 38 70 49 31 26 2419
21 62 16 45 15 88 96 26 1509
98 27 38 51 91 6 16 68 2080
91 58 40 70 12 75 10 85 1373
61 98 23 24 21 52 60 84 2108
93 19 29 74 13 30 43 28 1639
74 45 32 10 93 46 38 5 1677
70 85 95 1 17 47 4 100 2124
40 45 8 46 91 7 10 46 1909
33 16 72 17 92 6 42 29 1574
91 15 2 96 89 1 30 35 1441
68 30 1 17 3 17 73 4 2249
1 55 45 95 8 17 25 40 1560
85 57 62 80 84 4 48 23 1848
93 35 5 30 12 76 15 76 1789
55 15 45 42 54 16 38 35 1395
96 31 14 86 71 47 46 79 1821
72 19 62 41 60 71 41 88 1490
74 81 7 30 94 59 14 29 1299
49 36 27 65 26 5 42 44 1442
29 86 40 9 18 81 36 53 2160
43 86 76 35 93 47 2 83 1613
