5 50
1 40 29 12 95 382
74 38 53 66 77 730
18 22 61 26 80 539
11 5 57 57 96 571
35 69 98 65 6 662
17 43 61 73 64 310
47 71 80 39 8 336
94 47 94 66 99 642
20 36 47 52 55 410
90 86 39 82 43 743
68 24 26 45 2 253
11 74 23 32 49 632
98 66 81 57 25 661
88 5 2 11 7 612
91 39 94 98 55 256
93 41 87 31 100 431
38 37 60 85 20 731
70 47 15 16 68 651
64 85 29 55 67 432
3 37 6 14 15 438
42 7 66 45 28 741
96 29 70 45 31 469
60 90 11 44 44 638
36 69 14 62 54 664
25 87 99 17 4 638
9 73 62 95 81 573
96 70 24 33 28 682
31 43 64 99 95 499
19 24 1 8 87 508
37 69 61 54 56 467
27 44 47 46 61 665
52 25 46 23 53 428
91 33 86 26 33 659
41 98 51 2 99 716
91 3 45 45 5 421
99 30 46 52 63 688
18 92 42 76 33 583
76 18 59 87 8 268
60 41 25 14 86 470
100 14 3 23 97 686
50 66 38 22 1 720
89 10 46 46 45 518
15 70 34 70 95 496
47 16 73 1 57 404
47 82 46 30 46 563
40 34 99 98 39 306
98 38 5 96 44 604
5 22 70 34 6 455
21 96 78 72 97 575
18 57 96 71 1 513
