5 50
76 43 53 15 77 1417
60 2 35 61 75 1318
22 96 54 82 33 1261
39 40 60 7 79 1306
92 20 27 19 44 1252
35 25 91 64 27 1512
73 81 15 37 14 1154
83 69 37 30 22 1335
47 100 98 85 67 1112
59 46 1 2 30 1419
75 91 19 87 36 1305
12 42 89 6 13 1176
29 79 54 16 66 1038
33 28 89 89 60 1401
6 56 95 21 66 1415
57 43 68 11 94 1441
84 46 9 97 83 1169
69 68 53 50 66 1233
43 91 21 4 45 1507
36 48 31 84 22 1355
94 27 40 94 96 1173
62 42 95 33 7 1475
93 44 64 48 9 1307
26 63 95 35 94 1401
67 84 44 94 95 1300
82 97 46 42 47 1152
57 49 15 29 81 1097
83 99 67 93 49 1328
69 71 96 99 24 1445
97 58 78 15 55 1490
88 10 93 74 36 1300
93 24 94 97 41 1095
22 14 13 70 32 1400
22 13 28 15 24 1054
9 16 96 24 60 1369
32 4 63 98 60 1521
71 7 80 2 52 1391
53 36 5 22 14 1500
71 38 94 78 30 1499
3 65 98 24 56 1339
84 5 96 95 68 1108
26 61 7 3 4 1108
87 56 44 73 68 1093
25 1 79 44 82 1286
19 56 45 48 22 1341
4 46 62 51 13 1508
37 89 74 66 15 1199
63 52 69 10 11 1465
17 54 70 88 57 1076
11 9 28 51 69 1245
