8 50
40 85 100 58 34 23 96 16 1309
8 90 30 27 35 100 21 48 1221
18 68 85 78 43 3 69 85 1206
59 67 61 12 49 11 86 89 1348
18 38 39 15 71 95 45 63 1266
64 18 74 30 56 61 66 69 1466
89 37 61 22 13 29 35 67 1454
13 99 54 36 40 3 82 94 1229
23 77 51 21 92 34 11 97 1139
69 13 3 8 87 89 51 7 1126
90 79 34 40 2 74 79 55 1175
2 71 67 27 76 54 86 75 1129
90 56 67 4 60 71 27 18 1063
82 91 96 86 79 90 52 66 1043
61 94 87 7 7 9 41 86 1550
40 61 14 6 54 62 66 93 1393
32 61 88 57 35 86 76 97 1433
39 100 36 80 44 19 93 61 1511
23 54 6 92 50 90 49 3 1223
55 87 76 17 1 73 73 47 1351
39 10 86 24 38 43 96 50 1146
88 88 70 93 22 47 53 12 1198
70 23 45 18 18 53 47 91 1392
49 59 72 95 5 17 80 78 1392
49 53 69 8 15 54 9 99 1136
90 67 19 58 14 28 65 12 1385
80 37 66 2 88 86 38 10 1477
4 91 60 97 47 37 79 1 1245
41 72 44 70 49 11 93 5 1172
48 81 43 95 20 29 49 65 1088
73 92 62 16 2 89 39 91 1528
47 94 63 6 6 93 50 5 1301
76 49 61 93 73 58 74 7 1223
47 42 34 15 94 70 9 78 1120
44 56 64 87 63 46 58 42 1389
51 75 76 95 86 61 25 18 1124
89 67 70 54 89 87 5 47 1424
45 58 88 18 90 15 4 36 1074
5 90 43 72 35 26 87 77 1401
31 80 64 63 87 65 87 11 1100
28 2 88 85 24 38 53 41 1077
17 6 72 65 23 80 80 94 1044
8 56 2 14 43 75 37 49 1193
83 16 63 63 38 45 10 28 1498
90 34 75 41 70 36 76 18 1112
44 24 56 40 2 65 99 85 1154
54 83 83 14 74 58 10 89 1127
12 55 8 6 30 89 84 87 1094
42 6 86 2 76 51 12 6 1548
56 22 10 14 29 82 14 45 1179
