5 50
45 99 97 54 100 1544
82 79 41 6 38 1995
74 40 67 59 81 2739
15 12 85 42 99 2470
15 99 10 46 8 1581
68 97 68 50 49 1561
68 24 12 7 20 2061
56 69 97 18 93 2753
78 65 54 6 16 2263
44 9 34 62 71 1774
46 72 72 55 90 2508
59 16 55 30 14 2309
63 65 61 9 44 1633
93 31 21 88 85 2711
57 5 49 78 94 2232
73 41 71 14 79 2132
61 80 21 84 31 1936
52 73 80 95 75 1965
92 57 41 54 84 2240
93 75 71 88 90 2769
60 85 96 73 90 1577
24 11 82 72 33 2032
12 59 99 88 30 2413
35 79 89 21 26 2491
20 93 82 18 45 2552
81 29 59 91 80 2698
92 26 22 57 50 1460
70 49 15 61 1 2538
7 100 41 26 19 2275
4 39 87 96 82 1518
44 52 47 3 6 1727
76 69 30 7 60 2390
87 64 43 82 33 1778
73 92 4 87 94 2120
64 17 34 65 56 2124
71 2 34 50 21 1923
90 63 40 59 41 2503
66 6 64 64 66 2104
19 91 100 95 45 2602
5 49 90 15 94 1681
75 75 48 10 72 2470
1 64 58 78 51 2656
4 43 2 77 27 2088
83 45 11 91 9 2561
14 99 50 57 17 1807
45 5 64 22 10 2699
28 65 61 1 40 2411
22 97 26 94 97 2772
18 96 9 21 27 1922
86 9 35 15 96 2492
