8 50
18 53 50 28 68 16 20 56 818
61 4 4 4 51 49 48 83 836
57 78 12 86 1 24 41 28 956
16 32 82 27 49 18 40 50 1135
98 84 45 28 67 4 40 37 146
69 9 47 60 26 99 67 53 450
34 40 27 64 41 69 82 5 52
90 30 98 61 20 15 25 21 78
42 36 19 86 96 66 96 73 114
51 2 76 75 10 17 3 44 442
79 16 30 8 64 90 99 50 351
19 44 36 76 58 24 79 22 501
7 38 13 14 39 98 88 92 395
45 74 77 75 29 75 74 72 335
30 77 56 6 33 21 13 21 380
71 21 99 47 88 70 56 51 920
49 77 21 8 71 74 25 26 984
85 70 72 27 100 86 3 89 69
29 24 34 26 63 70 55 84 670
53 74 56 69 86 84 56 10 368
27 98 42 12 85 3 94 35 493
80 29 72 83 91 66 27 75 826
89 45 86 56 91 54 69 66 540
7 98 30 52 80 39 85 30 468
75 100 93 86 61 8 96 48 248
38 44 54 11 26 74 92 47 19
58 87 34 60 41 97 11 58 35
43 85 45 23 18 79 97 75 764
23 76 28 70 31 15 5 55 798
74 3 85 95 45 11 60 15 93
87 87 26 90 21 62 14 22 661
10 85 86 54 35 59 91 72 855
8 41 22 57 47 24 47 17 149
38 45 97 99 11 84 3 60 1089
66 4 69 79 26 54 21 81 628
60 64 95 37 21 72 12 19 122
70 68 15 85 16 12 22 23 675
48 71 82 39 69 6 99 27 123
17 27 67 5 74 84 25 59 517
80 86 47 44 14 85 79 43 679
52 89 44 43 96 59 4 63 738
61 72 61 11 91 33 46 58 185
69 27 84 65 99 5 89 44 354
28 4 43 96 79 75 24 36 542
100 55 68 4 97 88 55 27 483
37 29 49 27 61 92 48 31 633
18 73 81 8 22 45 61 60 554
98 62 45 95 59 57 27 58 422
96 47 79 86 20 64 7 33 617
36 45 91 84 23 87 19 84 403
