5 50
65 1 44 42 11 922
9 92 80 55 48 832
66 81 64 50 15 161
37 43 87 7 79 902
27 23 35 94 49 1039
42 54 6 15 23 169
20 82 30 18 95 366
63 35 10 96 39 358
66 19 62 51 73 772
88 81 22 98 16 639
70 11 36 15 25 877
20 47 87 88 60 893
23 48 6 26 5 564
11 65 51 91 45 1038
100 10 77 64 67 995
38 60 34 1 12 418
72 38 29 25 60 639
39 80 74 29 2 489
70 87 72 72 98 324
64 35 68 15 46 1010
86 25 20 97 8 222
19 98 22 13 78 746
91 44 16 32 79 94
31 1 21 43 84 674
36 28 2 50 26 30
19 88 8 39 89 272
71 92 13 27 91 885
88 21 65 33 51 1000
79 43 20 42 50 233
19 44 71 80 52 326
38 34 11 20 47 125
18 14 6 20 90 44
14 51 62 1 24 1037
18 31 90 77 29 343
21 76 95 6 38 919
82 8 30 51 62 638
44 81 41 91 12 12
42 1 59 83 76 319
50 30 92 9 76 44
56 62 30 40 33 142
87 47 74 87 88 85
45 42 91 59 45 78
58 56 99 18 76 367
76 28 70 24 13 412
6 69 19 31 48 287
31 42 11 59 23 541
28 31 29 36 69 926
6 43 95 49 87 219
50 21 88 5 73 882
74 79 98 29 61 1
