8 50
71 94 66 22 99 71 93 31 1478
78 84 100 80 85 11 96 62 700
23 69 3 92 2 42 64 56 861
90 90 47 50 44 39 13 26 798
14 43 49 75 49 64 29 100 993
18 51 1 65 45 2 96 25 632
59 69 95 43 23 19 10 7 704
87 88 45 98 72 53 86 32 2096
60 96 8 53 34 70 85 42 756
51 70 59 70 71 7 43 76 668
89 68 71 75 16 55 2 63 1591
2 7 89 14 22 66 52 35 1250
69 51 98 49 12 51 61 39 478
25 15 46 30 19 21 8 36 543
79 34 14 56 24 71 61 14 1455
1 39 98 29 54 81 53 46 312
5 82 32 10 18 24 39 14 482
60 92 31 10 25 29 31 4 1091
55 7 1 87 9 11 22 92 1840
18 43 49 71 48 93 65 17 1452
64 59 49 20 4 57 68 4 1952
68 82 34 65 73 100 97 56 317
79 26 31 95 82 3 87 35 1517
84 17 77 28 60 79 76 16 2037
38 94 74 52 37 6 74 91 1603
33 1 70 15 63 56 62 81 1878
46 40 93 36 67 63 36 65 1305
63 27 39 17 3 75 45 20 1481
55 33 63 40 3 78 25 1 1595
68 96 39 40 47 5 89 46 1169
80 61 2 58 72 90 58 49 317
82 10 19 17 31 64 8 84 673
40 95 87 19 97 35 93 38 1774
83 61 7 49 90 13 83 95 1998
72 9 95 42 21 41 45 96 1352
7 38 56 33 85 20 38 8 508
15 95 83 78 4 27 93 84 938
60 50 55 81 38 26 55 17 1646
80 4 67 27 18 25 64 93 1574
29 54 78 31 54 1 19 5 1894
38 58 6 7 86 19 45 33 2143
5 24 94 64 89 13 26 46 2104
59 38 71 14 87 67 92 40 1044
44 72 11 9 40 20 6 98 1978
63 44 37 85 20 67 46 25 2123
96 15 90 95 21 30 55 97 251
97 2 83 97 65 50 44 81 1266
8 38 60 91 1 73 96 55 1894
80 81 15 92 70 10 32 74 1269
7 22 31 93 28 85 75 23 1717
