8 50
85 23 70 94 3 12 27 49 1958
28 49 4 30 21 58 77 100 2262
30 44 65 83 31 48 29 19 1994
5 56 13 24 68 61 89 90 2209
23 78 33 37 43 84 28 35 1976
31 75 61 93 79 16 41 15 1794
100 35 63 76 24 66 22 53 1780
34 74 35 5 100 54 35 93 2051
39 26 65 65 83 25 15 87 2221
99 7 88 13 79 52 6 5 2032
93 49 47 32 89 64 10 20 1870
68 33 63 36 74 12 21 8 2193
14 21 99 8 22 95 36 55 2039
97 64 84 4 5 71 39 50 2017
88 3 28 9 85 23 79 88 1825
58 2 55 4 86 50 75 49 1784
96 71 26 48 82 25 80 25 1940
63 94 30 61 25 25 57 66 1885
39 36 83 78 93 63 27 25 2230
62 5 62 47 47 50 66 62 2099
5 13 34 44 33 92 86 47 2155
37 99 12 96 62 97 87 65 2130
64 45 43 23 45 11 61 31 1956
70 89 65 17 58 72 77 25 2277
29 71 39 40 36 8 98 39 2088
65 40 5 69 29 88 97 91 2008
20 17 40 79 61 36 69 39 1845
47 26 2 16 72 49 68 52 2070
59 96 18 31 67 96 45 48 1902
25 36 82 92 86 29 39 89 1886
35 97 99 68 45 81 48 11 1879
89 49 80 61 62 53 12 50 1943
92 25 78 59 93 52 61 85 1850
34 93 9 54 17 69 6 33 2267
4 53 70 85 21 27 9 12 1984
31 42 24 52 87 99 55 95 2006
92 25 52 15 100 81 97 100 2107
12 11 80 65 90 56 37 100 2019
29 44 4 82 36 33 37 38 2180
79 84 32 5 26 76 64 63 1810
95 81 67 71 58 91 78 4 2004
83 79 55 78 96 81 16 31 1976
44 55 74 24 87 28 66 50 1811
39 44 19 85 10 43 72 25 1950
69 41 47 52 92 1 10 41 1953
39 13 12 2 9 76 4 64 2000
90 57 86 89 58 19 6 74 1947
56 46 37 2 92 5 69 91 1960
57 4 76 60 46 36 40 87 2110
7 80 70 23 23 50 8 5 1968
