5 50
5 50 51 11 16 291
51 89 66 31 60 1193
51 42 97 93 74 121
10 26 12 31 54 645
76 63 62 50 67 947
83 91 3 32 12 862
90 72 50 14 77 1396
33 31 46 61 34 645
30 99 90 94 4 958
94 67 50 20 24 907
38 73 98 43 91 76
40 52 12 91 18 765
12 3 82 70 68 1411
83 13 19 79 92 304
82 97 43 62 65 141
25 63 32 100 73 745
27 29 49 77 86 1241
22 91 73 35 52 557
58 28 27 27 26 997
24 10 95 2 31 1198
8 10 57 65 66 671
78 78 75 45 48 859
17 32 54 5 94 1110
78 99 16 76 35 411
21 89 64 41 46 969
69 27 14 69 1 386
20 28 87 11 43 1044
67 77 86 3 88 754
51 37 83 95 47 844
8 31 24 54 2 1363
39 99 86 50 13 228
100 29 39 71 68 375
76 62 43 77 80 1190
67 74 83 85 38 392
78 8 69 28 76 1137
21 23 36 86 63 992
91 83 61 53 45 171
12 41 54 27 83 136
95 5 72 80 80 171
47 70 83 4 49 763
13 31 73 51 41 684
75 21 56 76 3 451
81 50 41 59 1 1312
45 58 89 20 51 305
45 33 84 62 37 877
77 33 42 2 54 541
100 85 54 72 55 547
68 74 29 63 94 303
42 64 6 74 56 397
59 34 38 22 15 325
