8 50
93 72 41 67 95 64 39 65 339
2 12 71 82 38 49 76 58 1080
85 40 54 6 55 35 49 70 682
24 39 97 1 19 28 71 98 672
85 6 80 17 2 83 57 67 751
24 10 19 90 50 50 79 83 419
78 58 89 29 2 99 36 78 618
68 74 21 48 68 88 65 62 110
18 98 52 75 96 14 32 20 645
12 92 5 5 78 81 38 87 997
8 50 36 33 43 67 70 88 453
54 41 100 5 25 80 96 17 1156
87 77 33 75 38 29 70 37 634
79 74 39 74 9 98 66 32 91
63 85 21 70 18 74 61 92 426
67 48 6 85 5 47 62 81 686
1 82 64 15 47 30 89 21 769
12 21 20 47 92 92 21 60 746
34 5 67 59 90 20 3 66 250
31 80 40 72 16 22 52 56 1049
40 61 51 4 64 15 59 95 891
8 72 51 6 27 11 81 1 300
90 37 97 25 47 2 39 41 974
77 32 4 54 92 39 99 67 328
91 78 99 81 92 76 27 30 856
34 47 34 77 9 99 36 5 774
70 78 33 61 3 39 24 70 535
45 81 99 87 86 21 17 58 534
50 74 80 92 53 63 60 55 26
99 42 68 13 54 97 28 41 92
59 42 62 28 91 83 36 22 515
81 45 58 62 13 20 40 25 381
18 32 31 19 27 26 8 50 1020
87 2 53 45 39 72 79 68 975
45 88 72 29 74 78 62 54 158
70 22 79 44 7 53 46 16 891
39 16 54 11 55 8 98 83 1044
21 10 53 4 28 84 27 60 725
23 49 11 63 66 33 74 45 221
43 56 28 65 64 62 69 2 81
28 35 51 24 33 46 46 74 349
34 35 100 89 76 25 95 47 216
65 40 67 5 11 47 92 90 593
98 33 31 93 1 18 84 4 159
78 40 88 82 80 39 12 62 19
29 16 54 5 64 48 82 78 480
16 85 88 28 38 85 52 72 286
79 51 86 68 94 54 19 66 833
53 95 99 77 73 79 40 40 718
19 9 11 60 64 65 78 89 396
