8 50
12 99 10 47 58 72 17 68 1876
98 99 5 85 13 35 10 40 1883
59 97 32 7 5 55 39 93 1947
4 88 43 49 71 31 48 29 1656
84 40 66 62 49 61 37 51 2096
24 58 51 47 57 91 4 30 1530
96 8 89 20 66 80 80 24 1656
40 38 20 67 1 81 70 81 1551
63 31 15 98 6 61 75 73 1698
92 17 33 33 32 40 59 26 2234
47 9 96 75 8 33 65 15 1523
5 20 17 53 74 88 68 22 1691
90 17 86 26 10 80 23 79 2353
24 92 54 53 4 78 7 23 2041
83 52 29 12 1 25 20 6 2023
3 74 66 3 25 100 60 25 2122
95 20 63 56 23 31 79 37 1706
74 51 44 89 15 1 83 10 1887
1 37 44 49 63 95 78 25 1562
70 60 18 90 70 96 32 26 2316
8 49 46 72 84 52 42 74 1323
57 42 45 97 21 42 25 30 2213
27 44 21 3 53 21 7 26 2410
99 50 11 22 69 54 72 44 1773
53 28 26 99 9 20 15 39 1548
50 97 55 10 85 91 7 52 2209
12 6 59 5 48 42 10 92 1918
81 100 3 18 95 53 42 27 2008
12 62 12 69 95 40 71 39 2203
19 96 92 31 19 78 6 67 2427
8 1 43 89 95 30 97 53 2235
1 82 39 3 95 69 36 81 1358
31 37 33 89 13 50 18 39 1666
34 35 60 5 11 93 38 92 1901
56 27 45 99 58 25 10 74 1401
69 17 14 8 98 10 88 31 2362
86 59 66 72 15 56 35 26 2150
87 91 85 88 62 30 87 35 2307
27 26 57 20 9 27 30 34 1481
96 71 50 42 43 85 64 100 1648
75 78 18 37 66 93 40 13 1779
65 26 41 71 82 12 36 91 2207
21 60 23 8 69 77 41 9 1790
15 65 13 85 14 32 5 93 1863
100 64 76 49 37 96 47 4 2019
52 82 62 87 30 94 46 16 2346
99 4 74 94 1 5 63 65 1930
92 32 96 56 39 24 18 13 1556
49 32 11 39 48 35 82 90 2433
92 49 62 47 3 98 10 56 2503
