5 50
71 56 1 39 48 1760
96 59 57 84 96 1123
93 31 67 6 1 1727
7 63 38 35 41 1086
89 80 20 98 82 1555
14 46 52 11 57 724
28 16 22 26 9 1403
87 51 91 34 69 1294
87 71 15 3 100 1374
74 55 82 50 36 1669
9 69 73 97 41 1103
40 90 25 55 9 1070
14 73 76 27 56 1157
73 78 8 82 83 1391
27 95 43 32 89 1587
47 79 31 4 71 1163
8 15 47 62 28 849
40 8 72 67 95 1117
79 46 86 64 40 1075
82 40 53 64 67 1354
16 26 73 48 7 1461
1 49 14 35 39 1720
30 87 8 78 22 1596
25 30 100 36 11 1793
28 76 85 10 8 1471
84 29 87 86 23 1013
91 43 65 51 34 985
47 47 61 32 85 899
60 3 99 25 67 830
67 11 85 20 87 854
59 13 30 20 51 1106
6 55 95 1 83 1272
19 1 22 45 98 1201
42 52 85 80 28 1821
82 24 15 52 96 1148
15 16 85 59 30 1078
98 24 31 5 75 691
76 15 29 63 15 1631
68 60 38 76 87 1709
5 77 94 56 94 1097
61 86 43 90 47 661
21 28 29 95 100 1481
17 70 90 83 25 1009
60 45 90 26 36 1165
65 74 100 42 91 1599
1 20 10 33 25 1047
66 49 30 15 27 1425
32 68 33 57 80 1174
89 16 72 71 22 1778
20 68 54 68 80 1754
