8 50
98 57 74 82 34 69 27 68 1925
37 44 76 31 36 17 82 83 2013
87 18 13 2 8 11 31 34 2936
19 10 6 94 98 25 21 11 1711
87 48 53 95 56 29 53 34 2751
83 81 32 63 2 76 100 57 1206
16 80 95 15 65 90 93 9 2363
74 62 69 24 41 17 21 23 2970
59 55 3 71 26 2 10 68 2216
34 3 32 97 2 63 49 98 1283
20 59 11 83 89 35 60 48 1570
42 89 45 63 24 60 52 45 2831
41 15 41 85 40 24 80 50 1998
41 44 61 95 100 45 24 4 1055
67 45 43 50 74 61 2 58 1282
31 94 70 91 94 47 85 49 2574
70 7 81 86 16 60 61 47 2031
65 20 8 26 51 78 5 91 2621
60 45 6 31 65 80 9 33 2029
84 98 12 95 80 68 8 31 2571
26 91 4 54 69 1 31 13 2635
5 53 23 62 100 87 56 29 2637
84 68 12 44 5 69 20 51 2831
57 64 39 32 77 10 93 34 1871
92 40 91 77 97 71 21 18 1501
70 81 56 75 50 82 89 76 2842
58 12 9 75 87 59 19 77 2620
11 100 83 27 99 50 92 96 2889
92 33 21 75 93 82 7 55 1561
7 84 90 76 98 46 64 42 1512
47 80 42 49 2 82 42 31 1038
14 26 12 74 19 30 5 99 1227
95 98 1 7 72 83 48 4 1579
5 52 40 79 23 80 25 53 2629
18 20 53 58 92 63 40 17 2627
41 75 23 5 32 21 20 84 2408
73 40 13 2 75 41 22 28 2889
60 59 52 34 38 86 28 29 1897
16 29 51 34 93 52 47 63 1822
77 54 10 90 58 51 34 11 2867
73 42 96 92 65 61 52 49 2088
75 84 9 94 74 91 50 4 2483
93 42 81 40 31 100 78 44 1784
77 51 38 31 11 81 29 59 1811
84 32 26 45 31 34 79 1 1759
94 56 19 47 20 19 45 1 1284
72 80 81 49 87 48 66 93 1135
6 67 36 6 56 62 70 26 1422
33 50 75 97 16 84 57 77 2707
3 78 94 89 56 19 86 27 2892
