8 50
59 15 94 51 6 60 8 23 1045
53 97 76 49 17 17 45 82 1816
24 96 20 88 80 85 85 72 1300
25 66 57 53 22 43 96 71 851
7 43 73 24 39 97 80 77 1410
47 59 52 21 2 60 65 9 402
66 23 15 75 55 46 27 61 1163
23 28 29 16 90 66 47 54 739
46 52 33 15 62 27 18 59 834
54 90 6 25 23 82 28 70 1265
52 86 86 41 100 47 58 85 862
42 19 27 47 81 52 57 66 1418
70 24 49 61 62 78 1 56 1426
36 7 79 33 78 39 91 56 562
35 29 61 28 81 66 35 29 826
48 100 96 75 63 89 10 48 843
85 32 70 5 95 14 30 20 777
32 50 50 34 4 90 65 19 719
42 16 9 54 3 85 42 8 1773
24 87 52 75 68 5 16 99 917
49 95 84 39 45 99 100 28 2107
30 75 72 91 30 32 87 8 1531
56 63 74 83 71 21 82 98 2336
98 80 50 67 92 100 40 47 612
65 59 22 31 64 69 60 87 1392
2 26 40 12 54 97 21 66 1265
7 37 71 53 83 62 83 3 820
50 31 23 83 35 5 5 85 939
88 86 52 30 72 63 53 33 1796
36 99 87 86 74 21 46 97 1368
6 63 25 54 41 32 35 56 1376
76 47 42 100 57 25 89 96 2273
88 25 55 59 49 58 76 26 1601
100 9 25 12 16 76 42 34 2250
80 17 68 82 12 91 79 84 1001
20 21 20 5 54 68 64 92 970
84 44 15 23 47 98 85 95 1818
82 61 1 66 78 37 7 4 1109
7 59 71 11 91 2 18 8 2308
74 1 76 99 86 78 91 18 1704
76 99 91 100 78 99 27 55 1288
46 11 71 69 83 49 62 95 1921
78 73 46 63 12 66 42 10 728
46 51 71 56 81 99 89 40 609
48 66 16 20 22 13 39 23 427
76 35 68 55 91 28 90 91 2099
69 26 14 69 70 19 99 5 2216
97 91 73 35 96 82 68 24 722
32 4 30 19 60 59 48 5 2089
41 60 28 3 62 90 61 5 593
