5 50
100 64 80 37 70 2030
60 46 100 40 98 2779
68 32 79 40 68 2445
88 54 20 53 89 1779
85 77 81 70 83 2236
15 7 64 42 92 2754
72 33 46 45 43 1966
30 97 12 40 24 1934
73 67 79 96 34 1521
93 90 77 62 60 2351
68 41 2 7 6 1838
35 43 4 49 28 2681
57 56 78 73 94 2076
62 47 56 42 18 1830
63 32 62 23 4 2655
2 26 86 74 17 2062
4 36 38 66 73 2575
38 96 77 34 16 1510
78 7 4 32 66 2693
96 55 99 98 74 1528
25 72 86 6 29 2318
80 86 3 18 58 1959
21 97 75 20 41 1725
4 95 82 7 85 1894
13 37 17 56 35 1582
62 74 55 42 88 2418
66 81 79 67 50 2242
14 1 71 95 94 2054
83 17 34 29 95 2306
68 95 42 3 15 1862
62 75 30 76 41 2015
75 47 20 8 53 2492
22 41 65 48 47 1977
68 99 12 87 41 2192
45 44 36 67 91 1834
80 52 84 49 69 1753
13 49 27 46 31 2265
54 79 38 43 8 2266
40 91 27 86 99 2003
89 17 97 81 51 1800
33 20 9 65 41 2736
48 66 78 91 57 1849
98 20 53 56 100 1563
31 92 5 79 90 2742
11 68 88 56 53 2645
72 62 21 90 80 1662
80 71 10 18 47 2086
40 38 96 40 41 2496
19 21 96 68 64 1865
80 82 13 11 51 2150
