8 50
80 11 34 79 11 6 9 15 2103
50 85 45 75 79 36 60 69 1884
11 7 97 4 76 36 2 96 2049
28 28 41 60 68 93 77 56 2225
49 9 16 41 23 21 64 94 2100
83 100 67 55 65 17 59 41 2217
90 2 98 60 6 14 45 92 2213
29 78 19 95 30 59 29 57 1980
69 28 51 49 14 85 45 79 1885
94 66 75 83 65 58 10 33 1971
71 90 52 26 71 67 18 69 2106
50 11 100 49 2 58 88 6 2194
54 11 75 58 3 28 92 3 2022
40 40 66 58 70 11 13 70 1804
79 63 79 69 60 62 73 2 1770
40 14 19 19 23 100 52 49 1806
2 64 55 18 45 25 33 74 2170
23 72 40 5 32 45 23 15 2005
77 78 67 14 16 18 81 32 1880
54 73 10 57 57 46 63 67 1903
17 62 33 98 45 67 83 7 2164
22 47 33 3 32 74 13 73 1777
14 21 8 80 15 69 100 50 2162
96 39 43 38 68 37 90 87 1976
49 8 19 60 45 64 43 23 1847
29 17 52 29 77 68 11 56 1993
44 81 61 40 94 62 8 10 2241
47 96 95 98 77 63 21 39 2001
96 40 26 60 13 7 34 53 1968
81 99 75 74 39 5 61 47 1807
37 79 60 58 83 64 34 12 1790
29 23 42 62 35 98 60 95 2083
65 61 1 5 43 100 61 34 1996
57 39 12 95 15 19 30 75 1800
73 1 71 57 77 89 30 33 1762
85 6 67 78 86 29 34 4 2038
9 39 34 96 57 99 87 77 1915
85 87 48 68 64 21 40 71 2076
74 97 99 81 61 32 99 21 2134
56 24 20 85 6 27 56 18 2246
23 10 11 25 42 8 91 31 2104
70 21 99 28 42 6 93 12 1920
46 85 52 36 85 37 31 27 2233
40 22 87 48 64 14 91 32 1764
15 38 93 39 43 11 72 91 2216
91 87 56 100 30 20 50 77 2226
69 47 5 47 92 100 36 84 1764
40 78 93 19 88 89 92 14 2136
41 23 40 78 34 80 83 23 2109
8 95 45 67 39 22 23 55 2217
