8 50
42 41 27 17 61 75 34 70 2401
43 79 49 21 21 76 3 62 1165
77 17 98 9 19 18 88 58 2933
80 35 77 32 71 54 45 17 1643
98 19 28 42 80 78 23 37 1341
97 49 58 28 83 79 34 84 2526
14 64 57 66 94 70 56 73 2034
95 95 69 88 14 8 48 49 1958
38 25 38 54 61 86 52 22 2910
20 13 18 80 76 97 68 16 1885
67 83 21 70 43 31 41 87 2245
9 5 30 65 52 28 99 66 2707
66 3 85 100 11 58 27 75 1774
2 32 64 84 37 74 70 57 2592
68 14 69 77 24 17 64 9 1386
52 5 75 26 89 92 58 81 2087
2 17 33 77 6 96 8 36 1878
77 19 77 56 5 54 27 99 2899
94 45 53 17 95 75 28 10 3004
34 83 50 11 97 78 76 33 1458
51 86 89 87 87 66 82 39 1045
99 45 80 29 47 20 84 31 1747
71 87 35 72 15 95 67 90 1930
81 87 80 41 12 39 26 26 2854
95 80 65 52 60 76 58 14 1446
2 29 66 74 69 90 45 4 2216
76 5 80 97 3 99 66 78 2212
71 80 32 43 34 26 7 57 2727
36 21 18 64 98 100 36 21 2381
4 78 2 79 70 86 37 26 1389
2 15 99 25 17 48 71 92 2544
95 79 42 26 100 97 8 85 2833
56 86 8 98 37 49 7 78 1616
36 21 1 73 18 33 76 6 2841
19 21 38 71 12 70 54 55 1667
24 57 60 76 72 78 40 94 1756
89 7 70 38 18 38 51 99 2546
14 6 11 98 77 91 40 11 1390
21 79 53 23 4 33 38 8 2622
52 67 3 59 20 98 76 69 3029
45 63 48 80 71 84 73 63 1340
34 33 55 9 78 91 90 1 1312
43 64 41 17 81 4 8 93 1561
46 24 34 83 70 89 8 17 3064
90 28 92 33 70 43 5 71 1546
44 54 65 35 88 2 53 1 2477
40 74 74 70 27 57 8 9 2835
62 55 19 34 88 23 55 42 1954
3 88 60 84 77 71 30 90 1472
36 76 47 22 100 61 39 30 1149
