5 50
98 32 38 60 34 648
23 21 51 47 6 578
63 7 89 33 19 700
77 11 6 73 64 331
78 28 95 47 98 1082
41 20 96 20 38 1920
37 85 96 58 97 1454
63 99 95 58 89 1234
11 20 48 14 74 930
2 54 13 92 85 930
59 63 53 65 43 1606
69 27 78 18 76 382
8 89 12 39 46 984
89 73 73 26 32 638
43 26 26 37 85 2090
66 19 94 90 91 402
10 65 35 29 74 1097
33 74 100 74 94 1082
76 26 47 4 95 1352
24 34 36 63 66 435
43 11 69 100 68 2034
17 62 27 95 30 1901
63 63 98 10 9 671
3 42 50 51 100 1302
17 80 9 89 99 1493
63 11 62 38 80 2300
14 14 26 60 75 1155
95 18 20 22 53 961
52 13 48 30 18 1659
84 76 20 7 89 1729
14 39 35 65 89 1979
37 39 30 88 27 1965
8 70 71 18 100 1436
31 3 70 82 74 2060
33 65 57 37 94 653
99 35 23 25 45 689
2 9 13 35 100 885
82 50 3 23 24 1900
29 66 23 60 98 1582
5 39 92 37 97 894
69 46 56 78 58 579
12 92 90 77 30 2275
63 68 43 92 33 829
83 87 96 10 49 422
27 82 10 72 27 535
38 18 31 100 30 1024
70 60 88 5 75 262
33 55 71 7 72 1490
73 46 95 79 95 1676
100 73 88 6 14 2057
