5 50
98 32 85 100 68 706
29 40 52 37 51 1127
75 62 64 17 33 663
83 72 67 80 82 499
97 37 68 67 71 2102
10 24 88 48 57 1995
38 19 26 23 27 1608
60 56 66 23 73 720
11 38 78 19 36 1620
51 4 71 68 50 1966
43 77 100 7 94 2047
19 14 78 88 41 1555
64 16 65 68 24 701
80 88 57 51 27 1614
14 27 94 33 2 585
47 1 5 49 71 975
14 67 76 100 66 863
48 39 81 30 41 1450
9 41 65 96 66 488
72 32 39 15 77 1725
54 66 92 30 48 820
100 50 61 64 29 1626
48 62 58 34 95 1788
60 91 88 13 84 443
38 57 6 79 7 1161
60 64 12 5 24 304
93 18 95 16 62 325
35 23 86 99 93 2086
91 5 4 20 32 1525
51 58 12 75 58 672
45 92 45 1 44 2109
92 6 14 80 27 494
49 79 18 24 39 561
9 84 81 14 29 1677
96 16 52 22 49 396
17 80 69 30 21 305
14 92 62 30 41 1449
68 59 91 14 60 1944
53 17 51 67 56 1234
13 51 13 41 40 1383
64 51 2 17 13 1894
35 69 86 30 66 1642
81 94 72 60 5 1535
13 25 7 98 36 310
47 44 16 46 15 1627
38 18 19 90 100 2083
9 45 39 93 12 1159
60 40 42 73 18 1736
62 64 59 87 9 1794
71 17 57 85 22 1198
