5 50
20 100 60 57 8 1057
47 74 22 48 79 2016
23 70 13 20 22 1912
21 83 39 7 10 477
56 51 67 99 44 1655
55 55 83 77 73 1612
3 63 64 23 92 603
59 63 100 84 34 2221
48 13 98 53 38 623
64 74 84 66 13 1822
27 57 17 19 71 2226
86 60 33 58 9 1668
24 94 25 38 4 2125
9 13 79 31 1 1770
56 82 30 9 7 2149
64 66 11 21 81 2005
49 46 79 4 15 340
12 1 24 3 21 832
7 67 91 81 51 1281
70 72 88 30 89 792
25 40 81 73 95 750
58 19 79 53 45 1199
36 22 56 27 60 1921
92 42 70 96 53 877
43 22 79 25 100 1857
19 81 83 48 74 604
92 38 87 39 80 922
11 53 14 81 90 351
59 22 47 81 28 482
96 1 11 62 68 2022
52 10 37 65 22 1776
92 9 33 70 66 1221
64 36 19 21 31 1394
27 93 28 69 75 884
78 98 36 29 73 2261
94 51 81 47 28 695
99 88 90 22 90 605
95 91 27 72 44 292
35 66 64 94 6 599
42 95 68 55 17 1258
24 98 37 46 76 554
63 22 88 30 98 1350
13 52 81 44 90 445
45 88 41 51 98 1759
11 19 47 96 45 1800
87 57 86 25 62 649
54 33 76 59 91 2078
27 63 89 95 55 1638
49 79 88 74 96 761
53 19 68 33 90 1925
