5 50
49 83 44 37 75 1610
81 95 29 93 34 1386
85 70 1 45 20 3092
16 49 72 10 100 2540
54 73 68 96 68 2278
13 49 86 99 8 2817
81 60 24 27 61 2087
98 90 19 46 60 2542
7 19 36 14 68 2240
87 78 86 88 1 1392
86 25 43 52 66 1619
4 94 8 85 92 2797
69 98 18 32 85 2204
84 71 10 3 18 3088
57 88 77 58 55 1352
56 71 57 56 6 1316
76 91 13 45 30 1360
74 7 37 28 50 1319
44 4 51 7 68 1836
22 11 33 67 17 2001
74 87 21 84 81 1730
8 61 91 82 75 1087
59 92 13 70 60 2523
33 47 93 90 55 2853
80 94 12 97 5 1529
79 18 59 85 20 2004
100 55 11 90 9 2977
33 28 65 35 12 1594
49 13 26 13 64 1587
38 25 92 14 46 1766
55 92 28 5 94 2954
11 38 48 100 9 2925
89 95 79 61 74 2466
11 99 26 30 56 1912
77 38 7 94 42 2656
76 59 95 96 19 1543
96 60 84 2 47 2786
79 21 46 45 65 2038
15 91 34 11 4 3032
26 72 18 39 3 2111
28 51 46 17 39 1596
100 62 70 59 12 1271
80 40 75 49 62 2186
12 77 20 47 63 1486
95 1 43 30 100 2986
92 62 43 59 98 2981
90 48 28 16 59 2176
89 42 25 87 25 2355
61 30 50 42 48 1646
43 88 27 94 64 1863
