5 50
70 89 71 91 30 786
67 73 2 55 65 1461
62 12 47 39 11 491
96 30 43 42 12 948
59 1 77 94 97 1395
77 94 97 18 94 1006
38 61 27 37 59 807
43 47 99 48 65 1442
60 75 15 96 35 1039
7 52 91 4 6 628
89 91 83 90 91 348
3 29 3 100 46 1141
89 96 31 30 44 338
60 59 36 91 47 915
16 9 25 83 70 320
16 76 29 31 65 503
52 48 23 79 5 1146
72 83 9 24 51 1251
87 50 93 72 15 869
87 91 16 59 58 1476
53 65 45 32 28 580
45 83 54 33 3 1322
77 23 16 15 94 992
52 57 84 35 86 701
22 49 23 32 49 1163
88 85 32 64 11 461
70 72 66 40 2 1399
12 75 1 65 74 201
82 95 58 92 78 570
70 4 93 80 92 852
36 59 64 45 62 1401
25 90 40 11 85 217
85 99 21 14 12 331
20 28 61 37 70 706
14 9 44 67 74 647
26 42 93 11 27 611
25 34 41 50 12 226
99 10 100 59 58 1231
63 92 40 15 61 1007
65 50 90 32 8 418
75 23 12 2 18 266
81 65 30 2 43 706
53 18 24 4 80 868
3 97 23 93 34 1089
76 3 14 28 8 580
79 92 41 49 64 1416
24 45 79 77 28 124
2 80 31 6 70 1336
24 98 62 37 86 1111
4 15 54 4 9 649
