8 50
10 48 88 11 90 100 29 64 815
72 91 55 29 10 47 54 73 1547
64 37 63 43 35 35 6 49 1102
40 84 61 48 86 80 7 29 1575
69 24 60 87 97 25 40 5 808
35 92 27 97 50 93 52 33 2090
77 88 33 48 74 59 93 53 2084
86 54 83 92 15 87 18 65 714
98 85 58 45 19 23 10 2 1378
57 1 18 34 58 71 7 27 1531
23 81 20 5 52 29 92 77 2213
62 90 45 61 36 29 3 3 1913
23 79 61 63 14 71 83 83 1729
42 96 56 53 23 44 18 19 384
10 82 53 54 71 61 12 37 517
42 74 66 51 30 32 79 44 954
2 90 13 12 96 25 42 56 1227
94 90 91 61 79 66 26 82 2019
14 92 83 29 17 91 44 98 1135
28 53 27 15 55 6 40 67 2096
26 37 43 24 91 28 79 74 2056
17 35 64 94 11 3 11 31 1469
7 51 87 28 57 38 13 99 321
90 78 63 36 21 49 22 60 2141
51 78 7 59 41 82 59 100 955
12 83 6 17 20 48 60 63 1412
61 67 32 42 42 12 90 60 2143
95 38 36 58 54 43 96 92 292
96 7 48 42 73 33 54 75 2278
45 89 6 53 56 77 1 17 932
81 83 7 92 6 71 17 45 1688
75 93 95 90 28 25 15 42 1205
19 85 39 57 91 22 43 17 781
49 83 11 22 49 86 3 45 1656
5 16 96 25 28 64 42 63 1442
98 35 14 63 97 18 31 66 1778
71 11 35 78 19 5 47 92 1431
25 91 91 41 82 27 10 43 2220
66 83 34 49 40 91 58 2 1513
28 96 29 73 35 32 43 68 1008
36 91 25 83 60 26 94 44 743
35 82 38 85 82 99 37 20 1739
1 38 86 37 54 39 29 56 1515
61 75 91 77 29 29 87 93 1400
34 27 80 71 4 80 82 23 649
77 88 5 90 63 59 77 95 2022
77 69 71 51 98 82 58 39 338
61 45 17 62 14 58 40 68 1082
81 64 33 7 55 52 58 31 1659
77 84 68 25 52 51 94 32 1557
