8 50
7 99 64 89 21 44 50 59 1844
5 11 96 46 33 36 65 99 1193
78 22 57 14 26 57 44 25 1637
86 36 24 44 21 50 20 10 1474
74 93 63 54 15 77 40 42 2156
75 77 39 28 53 7 72 40 1438
1 45 58 89 78 15 55 79 1553
12 91 6 52 68 91 25 38 1099
99 42 48 53 83 62 50 53 1738
100 72 90 97 49 28 60 13 833
53 54 41 86 69 10 69 56 1659
2 40 68 76 32 43 23 71 374
5 70 39 41 14 51 22 90 1761
33 40 45 87 54 64 26 64 680
35 39 3 4 94 44 62 92 641
32 38 30 45 96 8 62 100 373
4 26 9 27 44 73 29 62 1854
45 18 52 80 4 58 60 99 1201
38 80 90 28 22 39 70 62 2129
5 5 32 32 53 73 18 55 1809
69 57 80 75 76 99 44 45 917
37 37 40 48 78 66 56 34 2255
15 87 64 62 96 22 1 12 1195
13 86 27 72 34 95 31 70 1069
60 3 54 97 91 49 2 83 1752
60 58 19 81 28 89 40 55 1852
70 66 3 34 1 66 91 52 931
41 88 17 12 48 48 9 10 463
96 33 17 97 44 20 42 23 441
63 35 18 89 84 70 34 13 1695
34 49 1 52 61 57 8 35 1299
29 80 55 91 7 15 60 51 1295
22 78 71 95 28 83 98 55 528
81 18 46 6 43 33 29 31 1845
95 30 1 15 39 25 88 80 497
44 92 6 66 30 60 57 65 1529
34 94 99 30 46 26 5 97 2109
7 87 93 78 16 46 13 38 1751
34 31 58 8 44 78 100 77 1257
39 18 88 13 81 88 34 31 2004
59 2 33 67 7 14 31 42 543
93 76 69 10 16 22 5 62 1874
51 35 50 67 51 2 74 20 796
94 10 31 96 30 86 32 99 1620
77 17 88 50 95 85 71 50 422
46 91 28 57 34 17 59 35 317
73 23 96 84 85 63 76 71 1607
80 82 18 63 18 14 84 83 2128
93 15 62 47 33 30 95 52 575
99 91 76 97 32 33 62 28 778
