8 50
75 32 50 26 38 81 36 90 495
40 51 61 28 26 69 75 97 653
17 76 52 21 98 67 75 10 503
100 77 64 56 29 94 46 26 568
27 79 6 7 88 66 3 19 285
96 58 28 52 31 58 81 76 397
7 60 62 84 66 87 44 46 497
50 89 26 10 8 35 63 70 594
92 26 44 96 76 28 45 52 690
47 69 87 90 95 70 9 17 613
52 39 11 85 55 60 70 11 302
36 82 57 6 75 15 3 35 360
45 8 18 28 85 73 27 22 339
16 74 27 62 15 48 90 53 669
86 49 50 90 30 52 7 24 314
83 97 32 75 22 49 40 60 651
38 24 50 64 59 26 33 36 737
72 60 44 47 78 47 10 88 325
49 58 73 87 82 13 100 13 320
33 4 33 78 31 68 3 19 331
36 44 29 20 39 96 99 79 648
90 83 98 14 100 77 71 1 397
28 99 2 24 99 41 13 15 490
37 72 70 27 56 90 4 60 660
14 99 19 39 24 6 81 71 648
98 59 25 90 29 93 66 81 562
19 34 71 36 94 86 93 6 407
59 6 96 61 68 78 79 44 538
24 85 15 54 42 59 23 75 675
97 44 93 92 70 99 2 19 452
98 65 74 51 78 7 46 1 441
40 72 31 76 8 44 80 67 374
98 2 87 84 86 45 52 95 270
33 86 5 27 26 51 45 20 430
22 86 15 86 87 51 26 61 517
99 72 35 26 39 84 46 100 447
13 78 37 78 39 99 85 44 727
65 69 6 28 26 49 77 24 572
86 59 36 85 90 12 42 14 400
32 37 32 20 89 6 38 56 405
56 41 6 8 81 73 26 6 590
30 9 8 51 93 81 35 14 260
70 79 75 11 10 1 22 67 752
84 66 53 93 14 6 37 54 485
96 52 38 33 21 35 95 72 406
42 86 59 75 47 11 7 15 701
26 5 46 57 39 42 49 32 398
74 89 31 71 95 25 72 23 405
71 37 44 37 61 1 67 43 352
60 48 11 37 36 59 5 54 403
