5 50
43 39 37 3 93 2114
89 33 29 25 55 1756
92 14 67 76 23 1765
83 87 86 85 33 1755
54 24 89 11 13 1996
63 42 42 51 63 2079
29 57 46 82 91 1934
84 74 9 31 28 1829
21 54 14 41 50 1867
98 86 78 62 8 1807
92 48 44 25 21 1983
50 90 69 91 32 1690
4 86 39 87 97 1834
55 58 19 50 4 2025
48 22 13 5 100 1859
28 10 28 49 87 1774
22 7 81 74 33 1979
84 64 1 32 19 1866
15 14 19 65 50 1835
26 58 83 19 49 1687
19 14 80 79 91 1930
44 78 60 94 63 2107
14 98 96 84 44 1946
58 75 43 19 91 1738
7 69 100 61 76 2053
50 14 70 59 40 1782
13 61 16 84 58 2024
60 66 51 23 92 1757
51 36 19 18 42 1855
87 92 89 61 9 1871
83 77 12 59 16 1786
81 3 84 23 12 2044
24 15 94 12 61 1876
52 87 81 15 58 1865
68 57 19 69 6 2109
20 15 81 27 62 1692
32 58 31 70 34 1711
13 88 93 5 11 2108
33 64 36 49 4 1833
2 15 60 39 81 1924
8 45 65 91 37 1940
27 17 60 95 12 1776
31 46 39 26 2 2039
71 26 35 28 22 2031
65 75 75 97 7 2041
28 4 2 17 10 1923
58 93 80 8 50 1682
9 29 67 1 21 1848
27 42 9 84 10 1692
53 39 76 67 45 2021
