5 50
81 58 82 97 49 1253
51 94 35 9 84 1048
64 86 93 78 51 353
41 19 16 13 53 503
54 23 94 57 77 1247
56 46 26 96 70 737
88 34 17 94 65 435
93 18 63 27 86 2299
78 25 20 72 53 1418
68 45 68 38 100 401
90 80 64 88 13 329
88 38 67 99 68 1228
6 18 5 83 43 1340
40 58 87 75 87 696
49 48 93 3 6 769
69 100 28 18 40 1227
47 7 7 29 13 1591
20 80 99 100 91 743
16 34 98 88 4 1261
44 53 45 44 93 955
60 54 79 84 17 688
22 38 57 24 41 882
37 44 7 84 39 1928
31 100 81 99 91 406
44 51 91 31 41 1454
8 58 93 38 29 2274
25 57 97 89 77 2327
39 10 22 55 8 1699
98 81 79 80 75 1275
88 86 11 6 85 1077
87 50 80 36 44 2179
31 13 93 10 23 1910
54 43 65 86 90 1856
64 81 68 68 79 1147
21 91 79 6 92 337
29 5 7 74 92 1949
28 1 99 67 86 1241
10 15 30 80 12 1508
81 65 57 49 81 1636
48 95 43 60 35 1649
51 4 57 33 69 308
61 63 46 55 65 1161
48 86 78 49 96 480
14 36 1 71 57 1194
52 21 31 67 3 471
37 17 72 17 6 613
37 52 15 46 75 2271
26 58 78 25 31 1640
11 94 15 5 84 1755
36 82 76 40 45 1962
