8 50
3 64 26 14 24 64 60 64 363
55 68 86 78 36 65 99 13 582
85 3 33 61 10 91 13 23 343
59 68 89 52 22 100 39 30 567
78 98 56 22 79 2 73 50 709
14 98 88 24 55 16 11 94 289
90 38 16 40 19 60 84 71 420
70 68 41 3 61 2 86 47 368
63 15 87 71 69 20 44 10 460
82 51 18 49 93 65 26 27 766
65 76 84 71 40 46 41 96 334
21 91 65 63 30 64 9 94 743
19 96 35 7 50 47 77 18 543
23 89 70 27 4 72 90 64 456
36 61 34 94 21 33 65 58 526
61 46 85 86 61 79 40 93 390
41 12 12 23 64 51 57 84 474
5 72 30 56 96 6 95 59 284
69 26 57 26 93 75 43 81 370
10 4 19 42 74 54 96 98 595
27 60 87 63 38 43 11 46 560
63 45 17 78 99 75 76 97 521
61 63 38 69 14 39 43 89 428
24 54 13 81 73 30 64 27 620
79 92 95 56 51 40 79 14 740
39 48 40 87 60 26 77 98 766
51 19 23 73 54 27 77 2 495
91 19 43 38 13 62 48 99 600
70 51 28 40 36 33 46 23 573
75 76 6 22 78 48 90 46 362
13 67 54 4 42 20 70 77 725
43 33 79 61 75 8 29 62 597
40 6 79 9 81 55 7 45 679
84 14 79 75 42 4 88 90 597
21 3 71 12 90 33 53 32 710
75 32 51 13 87 68 97 100 642
33 80 95 65 25 9 70 16 500
49 5 92 86 92 31 14 44 369
89 14 100 59 97 26 10 89 601
56 69 18 12 1 51 91 61 309
65 89 56 34 62 12 19 72 395
24 18 32 7 55 40 64 58 401
67 8 39 59 85 37 30 62 318
90 24 37 85 20 69 92 57 691
19 7 71 51 70 84 87 13 502
63 77 83 78 13 16 75 42 368
71 90 39 75 24 36 16 5 654
85 32 87 76 34 45 26 36 551
16 28 39 36 14 16 13 71 391
59 29 61 83 96 50 94 78 548
