5 50
63 36 92 18 66 1726
19 77 20 84 48 994
36 14 15 13 67 1819
60 55 86 70 71 1691
93 83 63 80 73 1455
86 66 24 50 100 1148
25 4 54 40 59 1091
35 56 35 78 6 1182
94 2 74 47 90 977
13 24 10 28 30 1202
29 47 9 54 60 1599
32 91 30 42 6 1410
41 24 15 38 20 1865
6 47 26 45 39 697
98 39 17 89 17 1665
17 23 67 86 13 1512
73 12 89 67 6 1759
64 64 92 54 2 1045
81 5 94 93 82 1110
73 25 2 77 35 1440
67 21 8 28 18 875
68 71 20 14 74 1622
80 46 13 45 76 1789
73 7 5 19 63 953
10 17 52 41 45 1815
55 38 97 26 80 797
49 11 98 15 86 810
40 24 15 32 94 1862
40 65 4 76 73 1790
55 68 53 8 41 1667
65 6 100 45 42 996
69 75 26 99 59 1763
42 9 55 78 92 756
44 74 64 91 90 625
50 22 84 38 56 1078
96 68 83 66 100 675
22 96 18 41 58 807
69 97 26 11 86 968
80 59 54 35 3 689
67 83 100 89 47 1255
35 33 92 86 14 1006
56 41 53 42 53 751
21 49 4 63 93 1219
43 19 89 75 83 1295
90 80 39 28 36 1480
27 21 47 50 43 1439
47 26 69 100 13 1122
51 39 47 31 56 1075
3 5 75 41 55 1800
64 76 77 4 17 1163
