8 50
36 34 84 60 58 12 27 56 2024
17 48 2 41 61 24 60 51 1837
57 4 99 30 59 21 66 33 1813
80 53 84 59 32 100 47 26 2108
99 37 75 88 77 21 33 88 1908
100 91 87 52 80 90 65 60 2082
36 23 45 20 43 13 23 13 1806
79 61 28 62 9 74 65 57 1864
41 74 74 95 52 19 84 7 2016
3 3 17 81 33 81 74 27 2084
81 40 83 33 33 1 10 50 1805
3 19 55 98 82 37 6 42 2066
96 18 85 24 77 75 16 55 1870
58 80 94 75 98 6 18 9 1970
40 100 74 9 95 21 82 75 1970
79 8 72 96 89 9 70 17 2159
60 84 25 85 85 24 97 55 1953
16 57 2 46 32 64 93 48 2133
49 86 57 93 60 96 83 72 1974
14 87 3 86 32 68 14 94 2214
11 93 57 53 76 84 56 83 1940
14 47 99 6 55 76 55 33 2247
95 59 48 55 31 79 57 6 2307
77 86 45 61 21 15 25 74 1879
15 72 18 100 21 67 16 60 1947
80 33 91 98 63 58 89 37 2129
56 83 44 73 13 41 77 55 2096
84 41 9 18 98 9 19 67 1968
58 26 27 98 62 10 62 24 2017
90 40 61 100 15 13 6 46 2307
58 29 16 81 50 15 70 48 1921
39 1 51 79 11 100 5 71 1913
78 62 44 87 9 5 72 28 2155
40 67 2 88 12 2 14 66 2307
86 46 16 53 53 88 1 65 2304
34 50 4 38 78 28 22 96 2181
31 33 45 3 75 3 20 8 1973
50 55 20 68 90 12 82 47 1963
3 21 9 91 40 73 88 99 2241
44 15 11 18 86 90 34 36 1851
31 63 15 82 12 44 78 17 1876
55 15 33 13 53 84 73 91 1902
3 15 66 97 93 6 49 92 1943
34 97 64 74 58 74 70 66 1880
40 83 17 61 40 62 72 53 2086
12 72 37 31 9 85 79 49 1896
56 32 75 74 1 14 28 37 2281
89 71 64 64 19 59 53 77 2197
80 98 92 70 47 43 64 2 2145
33 86 71 91 69 40 85 52 1902
