5 50
43 28 65 100 35 400
44 87 71 24 45 601
26 86 21 98 76 427
15 67 18 89 59 587
72 52 84 27 55 720
41 96 16 30 52 263
2 5 62 86 48 700
86 78 28 58 59 718
90 10 34 53 29 707
45 77 9 5 11 289
32 39 11 45 32 674
92 22 33 62 83 508
55 69 61 16 1 607
44 85 22 70 8 706
76 92 63 32 43 316
94 89 58 4 77 688
36 79 13 6 66 427
30 60 70 39 14 627
80 32 52 92 42 604
46 77 77 41 71 584
12 44 59 5 23 706
91 73 72 96 13 533
93 35 67 31 70 582
85 52 87 11 16 392
27 81 56 6 44 625
70 89 83 86 25 485
84 55 63 8 45 444
78 64 98 48 13 576
7 99 99 76 14 436
5 69 28 10 48 408
50 31 16 60 96 597
42 87 1 65 23 668
98 96 18 50 15 540
88 27 28 24 99 488
60 94 4 22 63 743
100 74 10 51 6 626
46 93 29 51 52 620
13 13 63 61 99 693
27 32 99 30 18 514
61 84 24 81 15 425
86 37 4 53 69 708
4 50 10 18 83 727
24 84 55 86 84 679
55 91 30 19 54 680
11 58 43 57 84 685
63 62 48 19 36 634
39 35 11 52 46 353
54 74 11 37 55 365
98 63 68 17 33 341
4 75 95 63 73 531
