5 50
58 47 72 77 100 922
35 27 20 22 62 1690
95 19 20 65 81 1130
6 41 52 70 72 554
10 27 96 51 64 1512
79 6 8 70 68 1684
77 70 3 57 96 1205
88 16 11 8 81 629
8 45 65 96 43 758
59 15 26 72 94 1445
96 10 2 4 41 1681
11 10 20 4 6 1161
7 84 97 12 66 1827
77 83 84 71 19 1938
29 44 83 58 12 525
24 80 59 100 95 860
66 23 87 14 15 933
53 40 15 13 98 487
83 58 82 74 92 1771
10 96 52 90 94 912
31 90 19 21 32 1184
31 93 67 11 49 534
75 81 39 18 56 1140
32 4 97 39 48 2014
73 97 12 22 19 1357
34 37 88 10 34 1949
61 81 11 14 9 1659
37 5 5 52 9 1644
64 33 89 98 39 277
1 46 2 72 17 805
90 8 58 72 46 2096
49 18 39 85 87 960
18 39 95 29 2 2039
93 8 27 88 83 306
92 67 51 98 97 1358
8 78 54 50 26 1322
9 14 91 2 68 1438
52 2 52 35 95 248
28 54 34 59 85 1718
22 18 20 95 7 1117
95 47 42 52 32 2054
89 60 14 100 38 1290
91 35 14 38 75 965
51 3 29 52 6 1207
70 16 65 81 1 2112
49 14 37 18 43 1577
95 2 8 75 85 2052
69 19 70 49 100 1914
17 45 11 86 39 2172
93 84 85 91 71 1315
