5 50
27 66 75 50 99 1432
41 14 98 29 79 698
24 55 60 55 99 1348
58 86 91 53 80 1923
50 92 5 2 52 1789
56 81 9 22 98 497
64 66 36 55 30 1326
17 22 87 65 63 703
48 69 99 41 6 772
14 2 44 34 66 467
11 81 39 9 66 1233
30 7 66 8 34 528
55 78 98 23 84 481
15 93 18 58 53 2011
34 35 41 53 84 1003
28 8 28 52 50 983
29 34 13 25 8 891
91 8 52 100 94 2214
33 79 87 92 35 1968
78 45 27 20 82 1498
7 64 45 98 12 586
74 100 22 9 49 1804
18 99 69 33 32 915
15 75 14 1 86 1947
7 95 14 69 30 1093
62 72 34 2 88 1219
72 52 5 45 77 2265
33 81 2 3 37 1293
24 100 60 36 97 1973
88 51 63 55 54 1024
2 75 56 46 8 1613
43 96 10 96 51 639
27 84 17 13 16 1643
90 38 78 16 55 2064
60 100 63 39 57 766
75 73 79 59 30 861
31 22 34 91 91 491
11 22 50 61 64 1695
20 90 68 87 30 1247
64 5 63 26 7 1533
33 38 43 84 69 993
60 18 87 73 70 1564
52 19 49 71 67 1429
67 36 6 66 48 906
38 54 12 69 25 1229
23 96 13 66 70 807
58 48 68 46 70 1523
4 17 96 6 73 1613
53 80 65 78 56 1521
53 69 98 99 67 1560
