5 50
14 56 71 26 59 1901
38 31 31 17 99 1777
7 75 45 46 94 1829
89 15 64 2 60 1800
56 2 39 51 18 1674
25 13 13 37 93 1794
33 14 77 88 65 1715
28 44 9 55 61 1683
33 91 83 32 56 1723
48 67 25 20 8 1873
41 59 35 12 79 1623
36 14 75 22 11 1835
24 66 35 66 15 1958
23 33 97 64 32 1753
9 75 94 88 46 1812
73 86 39 82 15 1826
5 38 76 16 83 1670
6 30 1 47 49 1943
10 54 99 84 23 2026
39 8 75 51 96 1841
21 98 10 52 85 1742
97 2 55 98 15 1872
9 39 45 82 94 1932
67 87 10 39 21 1728
17 11 7 50 63 2018
60 83 59 1 13 1939
15 30 26 31 10 1724
65 16 10 69 2 1922
37 4 52 4 17 1957
77 34 21 83 13 1628
28 29 48 45 91 1761
78 34 4 73 11 1706
61 82 40 10 68 1728
23 29 9 29 100 1978
56 17 90 34 89 1844
6 51 13 55 94 1678
48 76 51 48 61 1962
79 99 58 71 94 2017
55 6 20 80 27 1999
89 14 62 22 1 2003
24 85 91 41 57 1658
97 98 3 45 27 2079
34 73 5 50 1 2058
27 39 93 51 23 1754
46 40 58 74 7 1644
84 100 94 76 36 1696
55 53 64 70 22 1753
57 14 53 97 68 1689
91 8 3 23 22 2039
22 73 37 91 48 1908
