5 50
8 36 15 72 96 465
19 64 23 78 2 617
87 34 39 21 33 528
28 64 93 70 58 502
5 28 68 77 87 277
62 35 4 10 72 660
66 70 59 38 32 663
40 41 32 56 91 468
36 52 89 9 67 601
7 70 69 74 33 484
21 16 12 22 19 500
38 67 90 44 34 464
60 99 87 93 60 436
70 43 3 75 92 382
99 74 20 61 87 474
4 45 38 48 52 551
97 46 15 14 86 302
90 80 30 96 63 393
73 68 48 100 80 391
21 93 48 28 77 322
40 63 21 14 93 287
87 37 75 29 34 295
31 72 78 22 77 622
5 25 66 80 26 548
91 27 5 18 6 404
41 98 63 1 68 457
55 85 91 44 85 292
8 19 1 14 87 447
55 15 58 78 91 338
100 18 16 73 12 648
19 86 91 48 46 462
2 75 60 29 79 300
21 10 44 59 25 598
66 92 47 23 22 481
84 76 40 65 99 368
46 35 32 33 17 290
48 26 65 93 4 563
1 82 10 74 87 734
61 24 84 2 34 336
73 52 90 15 77 758
88 24 25 85 71 449
32 32 39 43 90 567
73 80 84 2 58 357
55 27 82 22 70 760
67 92 89 7 18 599
56 18 69 59 45 591
24 34 94 22 74 721
34 21 100 66 13 545
37 90 7 90 57 736
70 5 42 55 66 284
