8 50
64 12 51 77 67 22 18 41 2922
14 49 81 30 11 67 16 57 1748
84 25 52 41 96 76 2 100 2829
6 31 69 20 12 93 27 86 2885
74 37 39 74 80 99 7 41 3037
48 77 14 83 77 18 32 13 2522
53 81 84 2 71 69 55 13 2147
80 47 40 95 51 69 87 24 3019
80 30 18 55 19 38 9 97 2237
12 40 64 74 68 57 95 52 2293
5 54 100 88 47 37 9 34 1348
64 79 12 59 57 30 67 73 2262
13 17 41 87 38 28 84 62 1893
77 87 65 55 59 1 56 5 2164
37 13 77 26 67 43 71 1 1727
69 7 99 42 70 78 85 1 1206
34 18 12 60 33 36 20 24 1686
36 1 35 98 92 36 69 10 2074
68 93 41 27 16 59 15 84 2927
36 9 56 58 5 96 26 44 2038
22 44 48 44 9 43 41 75 1318
36 54 76 58 87 1 53 69 2683
75 86 66 28 85 69 12 28 1490
92 91 26 9 19 73 74 74 1021
18 39 47 68 14 35 68 42 1540
54 50 35 80 37 41 56 91 2885
94 85 10 81 39 38 98 13 2643
57 88 67 81 7 11 46 2 1186
49 71 91 44 95 83 19 26 2382
22 22 44 96 41 18 93 88 1602
12 37 47 57 50 5 13 55 3017
41 93 18 15 74 61 56 73 1533
4 40 11 39 17 100 47 91 1527
59 62 51 90 41 31 14 7 2480
82 22 63 86 65 55 21 73 1422
78 65 99 70 95 79 86 3 1540
59 71 18 39 75 44 5 77 1477
46 88 52 29 82 65 66 98 1549
7 49 32 78 72 19 94 57 1729
92 20 82 28 23 70 82 80 1721
49 20 78 50 46 50 44 24 2054
18 18 91 7 54 79 62 83 1939
20 17 37 98 64 5 28 97 1968
32 39 19 87 50 17 90 55 2790
98 33 66 97 45 98 43 76 2639
4 95 28 30 21 9 12 51 2061
73 90 82 34 77 33 91 90 2146
70 28 78 68 75 12 52 58 2300
92 24 42 92 93 48 20 12 2021
19 59 75 31 51 39 93 98 2896
