8 50
21 15 96 9 85 13 66 4 572
84 4 3 37 58 35 84 43 388
95 16 52 76 42 88 80 28 265
47 90 52 50 33 46 40 6 693
39 45 68 28 29 42 1 24 586
65 13 85 39 35 39 81 1 579
92 9 41 95 42 54 51 62 310
32 90 44 68 51 88 3 66 707
94 6 75 72 78 44 75 33 494
73 98 24 94 68 82 44 25 309
58 65 84 36 58 92 11 64 663
48 18 80 11 89 45 12 17 572
89 54 17 62 20 53 42 27 556
75 84 44 63 72 79 80 24 594
52 3 19 58 24 95 38 87 261
66 20 65 20 21 76 82 6 589
68 73 98 85 36 19 40 45 358
83 27 33 61 87 97 78 85 734
74 9 16 35 68 69 65 54 688
39 63 44 22 89 88 14 90 566
23 48 89 42 33 76 30 95 367
22 48 22 65 17 86 51 1 513
40 66 16 100 12 72 16 30 265
62 19 94 38 92 39 28 64 467
59 93 36 32 47 38 60 35 499
91 1 9 39 27 77 61 4 499
43 22 30 12 74 10 58 22 716
75 24 34 75 27 68 32 33 508
23 57 17 73 79 35 93 86 386
39 3 60 2 76 18 92 69 740
18 93 8 88 66 5 57 43 534
31 13 83 70 81 95 86 40 344
39 57 13 77 52 81 19 51 525
88 75 80 35 53 37 82 9 734
46 59 64 31 62 96 87 13 665
60 57 28 78 42 60 70 70 432
80 36 80 45 22 39 8 35 561
8 31 9 9 37 46 53 79 718
22 32 56 6 96 35 17 27 673
37 17 62 16 86 15 51 83 555
93 41 69 69 6 85 85 89 548
83 89 58 49 72 73 51 44 653
82 24 38 100 31 22 31 54 648
15 62 81 24 58 60 14 10 265
6 50 10 64 79 46 98 67 383
67 64 40 74 98 94 34 71 732
10 11 3 26 28 44 69 1 558
92 88 17 29 25 15 99 92 563
24 38 61 71 13 64 10 97 473
66 36 40 25 16 1 55 5 302
