8 50
5 88 48 72 7 71 74 19 1910
31 11 87 86 51 83 12 8 2554
96 97 9 70 3 2 40 61 2425
56 98 71 46 94 64 76 37 1588
64 85 71 57 14 68 55 51 2483
50 2 77 13 20 86 70 41 1532
57 88 7 57 20 30 9 81 1997
67 28 45 12 31 16 98 3 2680
60 20 82 96 92 18 95 5 1960
82 60 53 31 16 29 51 90 2285
16 72 41 86 53 72 73 44 2450
37 8 74 1 78 84 32 58 2403
55 3 78 64 73 54 28 66 2230
58 77 41 29 4 69 20 100 2334
69 9 25 12 33 65 74 5 2257
24 60 14 62 18 80 66 29 2012
57 44 55 94 18 21 43 30 1665
26 73 35 83 50 72 88 18 1672
96 91 73 80 16 63 81 97 1780
96 6 61 34 60 33 40 52 2538
44 17 80 10 14 45 48 60 1495
74 36 96 92 9 27 93 69 2595
54 42 38 57 23 36 78 87 2292
99 100 82 46 10 17 81 5 2396
82 96 59 59 77 72 39 100 1942
39 50 28 81 1 35 85 80 1435
42 87 8 4 97 35 100 56 2709
23 93 11 17 66 61 70 37 1601
43 88 62 77 52 93 27 63 2216
68 4 99 97 39 78 41 92 1922
73 12 75 4 82 23 40 55 2373
39 36 18 56 92 74 7 43 1662
9 28 34 30 10 15 49 41 2725
18 44 49 13 34 58 17 49 2406
69 6 66 98 83 54 11 77 2425
60 47 80 67 74 10 80 17 2155
46 58 55 67 51 64 25 93 2143
59 55 53 92 86 21 97 2 1666
100 90 46 18 27 59 39 22 1726
77 73 9 5 98 11 93 99 2719
25 45 41 67 39 79 63 92 1997
5 86 92 87 28 1 77 12 1878
78 82 52 83 42 82 44 97 1516
94 30 16 87 76 64 73 38 1748
67 57 43 96 31 80 23 82 2214
16 83 82 10 87 41 12 78 2218
93 68 17 42 48 55 96 83 2400
60 66 87 52 14 8 66 54 2186
3 30 19 78 42 71 84 45 1515
62 28 43 60 15 36 7 9 2679
