8 50
21 40 88 95 82 29 86 81 615
72 53 50 62 17 81 16 43 588
28 83 98 55 41 89 91 9 621
22 95 35 63 80 20 82 88 330
20 21 32 36 90 64 70 18 738
5 26 78 54 4 87 50 88 446
33 3 47 85 36 2 29 29 436
2 99 10 60 51 80 7 61 485
100 37 52 67 17 15 16 6 521
34 91 48 22 84 55 12 35 678
71 72 36 77 18 61 48 68 543
54 3 87 18 2 98 92 8 630
42 47 96 42 39 50 78 3 284
47 81 57 4 1 5 70 76 602
27 57 70 48 94 29 20 76 641
90 24 66 26 34 70 31 28 535
42 83 57 76 68 92 78 47 546
16 35 13 35 7 80 18 83 721
9 59 60 83 45 60 78 15 705
41 58 95 34 80 51 87 35 421
16 54 70 49 15 58 59 28 719
32 98 66 19 53 49 46 75 510
45 89 2 92 55 30 45 67 475
97 68 99 28 10 21 45 92 442
36 8 52 9 34 19 94 85 683
44 94 82 20 97 100 73 26 348
14 33 65 57 40 8 9 59 295
60 31 13 90 32 18 87 11 731
57 100 94 68 43 40 54 34 625
84 14 100 74 61 84 44 88 459
49 47 64 56 24 54 54 35 734
91 95 85 38 24 99 92 84 499
56 91 68 70 35 40 99 78 693
36 95 8 14 10 37 1 95 410
39 100 27 35 98 15 25 22 474
34 47 8 19 64 19 97 23 256
29 84 22 96 34 32 90 71 458
40 44 39 34 8 92 15 32 741
53 64 59 69 91 64 25 62 669
56 83 16 80 37 16 68 53 525
60 24 53 84 39 16 9 76 739
88 46 32 67 22 1 79 99 545
86 54 74 66 67 100 55 14 405
75 8 28 35 63 58 67 80 608
17 95 64 11 16 19 75 77 632
23 24 12 41 26 75 55 44 757
49 23 3 70 30 44 78 50 671
61 66 1 63 98 34 86 93 500
55 88 39 86 99 58 61 7 492
10 75 41 17 26 51 62 64 331
