8 50
12 33 96 21 21 58 56 38 348
76 18 54 5 61 97 68 44 448
23 78 16 21 87 55 66 8 458
77 51 76 73 49 24 84 34 465
52 63 81 22 61 12 85 55 351
5 98 78 82 41 62 80 17 394
63 86 31 48 56 82 54 14 768
53 94 99 53 51 27 7 68 743
23 70 44 94 53 81 17 61 576
68 33 98 72 91 4 65 99 367
11 72 100 46 29 3 88 36 523
85 53 85 2 3 98 3 37 723
1 20 49 60 85 97 79 17 621
92 33 89 2 47 75 22 39 525
74 8 67 6 46 48 33 69 325
51 23 8 67 78 43 92 2 560
58 92 19 85 54 56 77 50 486
34 81 49 44 90 27 93 44 432
20 82 27 65 96 47 93 31 454
86 18 86 41 95 24 66 17 453
27 46 60 40 70 54 77 69 398
81 48 92 75 75 8 52 15 373
45 62 98 30 78 62 71 95 294
23 33 96 20 86 11 16 26 491
67 94 30 6 55 87 88 81 647
77 88 87 47 43 2 12 8 717
74 36 82 87 68 88 45 95 490
25 8 2 11 59 67 8 65 382
67 29 10 66 9 48 22 12 419
99 100 58 87 73 22 21 66 473
26 68 36 21 23 84 25 23 612
44 71 15 58 3 24 8 89 666
10 57 100 85 7 63 55 82 458
14 68 44 92 57 82 98 30 307
82 11 67 66 6 44 60 23 530
64 62 9 50 82 41 85 82 345
40 39 52 26 5 25 6 33 736
54 24 75 38 99 27 97 23 529
48 27 41 58 97 91 34 1 276
66 5 34 47 70 52 47 17 761
65 79 37 66 71 23 60 30 531
79 16 65 71 84 70 8 2 566
67 33 4 44 84 81 3 52 753
21 72 99 16 25 80 1 26 425
18 2 80 89 18 47 41 99 305
42 41 83 14 71 85 60 38 639
64 58 94 77 4 6 54 94 486
66 51 100 66 46 21 61 92 480
94 42 29 82 33 55 41 20 590
58 45 81 93 64 18 17 32 462
