8 50
22 33 84 9 48 70 65 88 1695
65 71 94 47 3 23 92 81 1904
35 37 38 61 82 18 65 40 1837
23 55 27 55 5 7 79 33 1987
19 60 46 36 57 35 44 29 1789
62 45 54 92 37 47 10 45 2035
9 81 72 40 64 39 80 63 1765
29 100 16 21 52 100 95 57 1718
99 27 6 20 75 90 34 68 1683
33 58 18 53 1 99 94 93 1746
94 50 28 95 43 50 83 20 1803
14 63 85 6 27 56 17 40 2088
39 39 40 18 62 51 11 4 2113
1 61 58 45 32 22 40 98 1977
55 68 59 100 63 14 44 18 1704
12 33 58 63 37 16 52 84 1720
31 40 9 84 45 25 44 23 1946
79 15 18 20 6 84 2 50 1917
48 33 59 58 36 48 66 51 1662
44 73 8 70 21 7 4 67 1675
87 81 12 3 90 8 64 88 1823
95 20 27 26 67 79 30 59 1982
13 52 71 5 46 31 42 54 2106
18 88 46 12 96 18 6 23 2054
74 91 29 64 63 25 63 47 1799
33 15 21 11 62 52 72 76 1823
73 71 44 9 77 28 30 51 2071
58 53 32 38 10 57 49 63 2024
14 1 53 81 1 20 29 28 2096
65 49 46 23 9 78 98 72 2090
9 42 44 6 52 66 81 46 2122
47 53 71 90 15 95 21 82 1663
41 52 51 76 79 64 79 43 1962
46 9 96 6 62 18 14 37 1953
54 63 46 28 64 58 76 91 1763
51 16 78 18 99 89 38 94 1663
52 27 71 27 75 50 20 20 1666
53 92 10 40 78 95 47 70 2085
94 99 3 7 41 44 54 54 2009
88 73 13 97 89 54 45 22 1903
23 47 74 52 35 29 29 67 1908
50 1 36 1 17 19 22 23 1836
65 28 77 75 47 55 51 87 2097
99 65 81 2 78 31 46 10 1795
54 8 27 30 9 10 100 12 2071
17 13 35 65 43 58 26 96 2018
61 66 14 61 53 8 31 23 2018
43 3 65 47 66 51 75 82 1871
96 13 14 9 83 93 32 60 1994
26 11 46 77 87 74 39 37 1733
