5 50
44 40 80 59 71 490
75 48 2 98 86 653
83 30 85 70 35 627
53 15 1 18 47 652
23 81 29 58 77 509
21 90 39 96 97 678
18 14 23 98 73 581
6 70 65 11 69 281
11 42 74 91 80 413
21 13 69 94 44 244
85 72 10 19 74 692
37 51 68 96 99 708
97 21 82 90 56 645
44 75 15 96 13 519
11 70 59 49 8 678
7 55 23 5 16 649
19 19 35 25 96 694
98 83 61 72 57 247
83 29 13 79 17 321
27 95 73 92 24 549
88 33 55 40 59 617
18 75 1 3 20 639
33 59 93 13 1 260
3 56 18 17 79 326
89 40 85 21 62 439
53 10 50 54 95 378
49 81 90 79 53 255
8 54 78 85 2 281
95 24 51 17 44 608
64 71 74 42 44 611
36 95 41 21 52 561
8 3 86 55 41 372
47 5 58 43 31 411
62 19 57 49 3 266
32 45 48 47 87 288
3 64 87 81 45 331
55 6 72 40 64 275
48 61 30 9 85 596
10 8 77 43 18 318
5 77 29 71 64 609
11 18 1 43 20 399
29 39 53 74 82 674
23 1 2 69 61 592
35 22 89 36 34 663
95 64 44 46 13 607
1 15 5 15 30 468
59 25 68 31 27 452
11 54 15 74 22 544
53 33 76 97 72 516
61 6 55 76 93 264
