5 50
36 23 61 22 76 1862
26 63 33 53 32 1807
90 16 56 64 46 1683
47 66 7 41 49 1695
5 12 53 19 22 1734
80 23 19 25 48 1856
6 19 1 71 12 1718
46 94 3 93 78 1689
53 30 18 86 23 2063
46 85 6 47 54 1855
41 21 36 24 17 1925
42 46 27 92 87 1955
25 32 76 53 5 2150
52 15 64 44 47 1682
57 82 100 80 60 2050
29 95 27 88 66 2026
63 47 66 30 79 1724
65 7 12 63 25 2038
61 38 71 84 74 1830
16 99 74 68 79 1808
73 12 52 48 4 1779
20 93 38 4 68 1972
59 34 2 44 64 2117
25 40 33 59 73 1865
68 46 72 32 10 2115
60 68 8 76 13 1717
1 51 21 4 88 2131
93 80 56 96 40 1770
10 81 90 66 62 1916
71 19 50 93 70 1879
1 76 2 58 6 1800
86 50 28 73 99 1694
75 77 51 70 25 1708
5 37 36 93 90 1855
51 9 2 27 56 1920
56 89 19 50 32 1883
6 6 41 77 48 1795
33 47 40 91 73 1874
95 72 80 6 22 1734
74 12 85 53 6 1909
82 92 76 17 95 1749
48 22 69 7 7 1855
83 60 1 80 10 2002
10 70 40 15 61 2129
66 29 88 13 19 2143
4 90 31 42 95 1920
42 70 67 29 60 2064
57 1 69 72 16 2045
82 61 8 13 72 1870
51 62 44 44 77 1793
