8 50
23 64 24 11 11 37 3 36 169
42 16 89 12 25 52 13 84 632
34 26 27 44 55 55 50 96 692
83 46 38 11 10 25 6 41 1119
100 94 57 44 81 4 27 49 66
71 99 10 16 89 74 94 15 795
26 52 6 66 57 38 63 92 291
40 79 10 5 19 55 77 53 39
58 75 98 96 93 81 88 51 1092
95 80 58 50 1 28 37 94 573
76 35 60 96 9 98 62 66 538
68 42 55 14 72 69 67 5 707
17 53 7 82 59 83 97 35 658
90 19 75 75 69 24 31 40 1030
47 74 78 71 32 31 4 26 360
76 71 62 1 93 9 67 44 428
18 19 28 92 8 25 36 20 1106
96 61 58 62 73 39 72 66 309
32 89 95 66 25 38 92 31 622
67 82 35 43 22 21 6 43 119
69 17 61 86 7 21 19 79 895
46 28 23 56 42 17 87 40 655
50 12 41 30 96 81 61 6 779
70 75 70 19 76 80 84 33 1108
100 3 89 37 40 86 99 48 659
35 61 6 72 47 35 46 21 78
13 91 90 54 65 21 78 58 817
43 66 75 18 83 58 33 35 707
9 85 53 53 100 28 68 46 1082
51 52 94 3 40 63 15 26 808
65 58 76 3 1 87 89 24 1032
8 52 85 67 13 99 93 29 574
51 19 42 21 89 27 49 21 391
47 6 32 81 82 42 35 26 596
11 93 49 81 11 73 36 95 818
81 47 17 35 52 39 3 82 1029
10 41 1 30 62 59 8 78 243
66 77 12 45 12 13 82 90 190
82 61 45 67 19 5 31 56 184
68 13 11 33 63 50 9 86 816
67 40 61 15 8 100 7 45 484
84 35 86 76 82 11 68 1 699
71 36 58 45 58 41 96 79 748
11 60 91 46 87 4 57 94 1006
29 18 73 81 1 22 51 41 573
70 30 86 61 89 39 8 76 166
100 47 30 13 39 71 82 27 187
42 50 1 62 38 69 96 14 1008
65 92 40 76 60 33 44 75 1054
87 68 100 61 40 35 88 82 972
