8 50
3 82 12 46 74 14 32 39 667
41 74 49 22 81 79 57 72 1044
58 25 83 41 53 28 3 24 574
89 72 16 13 18 80 50 31 804
19 25 84 35 99 12 77 51 1023
22 89 45 66 30 86 90 55 627
62 75 28 65 85 19 10 78 1078
42 15 1 78 19 65 82 93 38
44 96 51 43 89 86 62 56 642
94 70 78 41 22 47 14 9 46
30 80 99 75 23 54 24 48 574
95 23 68 28 39 36 87 74 696
25 73 1 63 93 44 79 33 683
68 99 56 36 33 90 39 62 382
66 84 53 26 30 69 66 66 254
33 96 79 67 87 29 50 9 219
90 66 93 10 21 14 40 75 630
5 26 26 38 3 23 62 50 1131
54 64 18 96 99 48 40 14 79
22 30 98 61 98 61 11 70 1116
44 54 56 89 12 4 77 74 850
8 62 73 89 97 38 63 16 618
23 30 90 53 81 59 37 1 422
37 58 63 95 69 98 98 38 648
69 77 54 67 99 74 73 69 1040
25 55 49 53 46 44 14 44 514
8 23 68 58 92 82 70 90 315
98 38 76 48 26 89 55 69 543
64 10 23 29 12 28 38 69 1008
17 16 78 87 3 63 2 27 86
29 84 21 59 72 49 72 75 914
74 35 79 53 55 98 45 23 689
62 95 99 54 38 90 58 93 617
55 91 52 39 86 68 36 97 773
79 19 57 95 94 8 25 96 930
72 42 82 5 8 6 57 2 1059
85 35 58 79 98 64 46 66 658
55 87 98 12 9 12 13 25 889
33 2 52 67 21 87 65 30 897
48 49 34 50 56 39 95 85 299
60 70 43 64 2 70 65 19 292
77 49 85 35 12 33 47 60 730
75 35 82 95 82 98 54 65 988
71 18 50 64 6 79 51 54 751
96 5 67 24 92 45 69 93 562
62 15 81 59 97 49 70 21 470
2 56 99 57 63 70 35 60 1098
84 36 20 44 93 17 1 33 1166
75 6 82 100 72 39 92 35 948
93 26 90 93 26 63 40 37 1
