5 50
28 38 47 79 24 540
15 31 81 48 68 508
49 52 28 36 15 562
73 71 74 4 60 354
23 49 77 12 67 366
79 81 30 20 25 301
55 67 52 19 14 471
81 9 38 88 2 296
41 61 72 66 84 670
76 20 2 98 82 591
20 69 27 61 2 337
47 17 16 78 76 534
25 20 94 66 84 309
27 13 26 87 89 527
21 5 92 80 20 426
77 11 51 39 65 458
94 64 2 46 1 607
26 44 7 4 65 477
16 63 81 37 98 573
4 16 82 6 84 649
78 56 65 44 58 591
47 9 87 62 63 374
56 68 5 6 16 248
82 83 22 97 67 368
26 68 98 5 40 498
51 65 25 49 37 327
62 8 70 72 74 636
83 6 55 31 22 485
16 98 10 53 57 302
95 32 33 7 7 449
7 80 54 96 34 539
39 11 24 5 8 541
62 42 48 49 76 319
87 54 27 80 56 437
42 98 49 54 91 270
40 49 15 19 76 615
33 55 8 37 41 397
21 30 27 32 63 594
56 42 16 82 74 518
44 39 3 66 88 657
5 74 70 56 30 368
17 77 22 98 81 689
21 11 51 60 53 352
35 14 15 67 57 578
74 91 4 90 77 565
5 14 92 27 66 357
22 85 80 30 14 657
28 90 14 97 99 612
95 11 14 61 79 277
24 81 14 49 45 359
