8 50
8 86 10 57 51 18 80 84 2061
57 24 100 70 60 32 69 55 1038
39 73 29 67 24 87 99 42 1458
34 44 43 66 57 100 79 70 2644
18 85 54 95 15 32 43 28 1492
94 1 87 98 21 9 79 43 1983
78 50 54 90 84 23 46 88 2499
54 49 60 65 81 85 97 70 2812
84 34 42 93 79 49 67 34 1266
29 92 60 97 100 56 44 12 1798
44 6 95 34 95 84 17 76 2832
90 87 35 71 48 15 6 22 2667
25 35 94 89 36 15 32 10 1306
1 35 59 48 88 20 79 9 1445
90 13 35 16 75 8 17 22 3049
99 13 16 60 89 16 89 30 1712
88 58 17 43 92 64 29 41 2592
14 39 43 54 63 3 5 90 2747
30 6 79 7 90 56 90 47 2284
1 93 78 37 20 62 75 39 1506
95 12 47 9 73 17 59 22 2577
71 52 33 83 12 91 85 28 1595
49 67 54 79 90 7 55 54 1903
85 53 17 29 40 54 96 76 1728
25 41 77 5 18 77 94 61 2111
78 90 72 31 43 25 24 34 2907
96 38 17 97 37 95 73 55 2235
1 98 58 32 63 40 91 77 3050
94 60 87 79 14 74 13 42 1722
2 4 61 87 76 32 97 68 2281
17 36 12 88 45 38 75 43 2015
3 32 45 98 52 23 8 90 2953
14 87 17 1 35 18 36 30 1427
11 52 91 70 83 26 25 3 1431
94 81 70 36 9 78 38 85 1866
5 27 81 12 83 97 5 76 2049
33 40 29 9 64 10 92 32 2307
37 24 43 61 16 73 32 18 2619
69 60 20 62 73 37 73 97 1482
25 95 95 81 20 100 7 38 1606
63 12 46 30 5 34 49 37 1678
49 49 57 31 43 58 17 9 2205
56 67 9 73 97 96 5 4 1094
10 47 2 14 4 97 21 61 1561
13 63 78 25 41 62 82 8 1601
73 95 96 84 16 57 88 13 2531
30 96 78 41 56 86 30 9 1212
7 36 79 74 61 72 21 35 1330
25 88 93 45 6 54 76 53 2781
74 93 13 84 67 94 91 13 1500
