5 50
54 67 65 13 61 1910
46 83 68 63 42 2055
65 59 77 27 43 1889
60 43 98 81 18 2077
15 13 57 19 15 2100
3 22 74 32 1 1934
72 3 2 37 64 2170
48 43 13 2 11 2258
54 44 2 89 29 2020
58 88 77 94 94 1898
8 98 84 71 60 1808
49 37 20 31 47 2037
87 41 82 21 65 1775
9 88 25 60 1 2029
72 55 74 25 57 2037
44 41 53 45 47 2057
23 95 55 88 32 2051
52 61 74 24 63 2196
59 72 99 45 16 2149
16 83 57 33 7 2004
73 56 47 63 66 2081
37 92 65 75 17 1856
94 21 42 61 43 2056
64 83 6 56 58 2121
80 86 33 84 13 2099
41 13 60 70 91 1836
35 86 1 72 35 2144
33 55 36 69 86 1876
54 68 66 88 40 1932
16 21 93 22 39 2265
65 68 47 44 23 1803
80 99 42 3 28 1891
56 50 29 43 96 2199
27 66 5 43 74 2061
57 99 66 75 19 1861
12 84 84 10 72 1978
96 65 92 53 19 2272
52 27 48 91 70 2248
64 37 81 41 57 1909
82 3 11 55 33 2121
76 35 24 51 24 2033
55 91 64 87 54 1785
5 49 45 54 60 1792
29 32 64 86 63 2052
85 3 97 78 27 2045
70 61 66 25 2 2127
33 66 14 72 77 2071
47 35 6 43 88 1968
3 44 65 63 74 2063
21 14 55 64 31 1823
