8 50
59 73 94 32 2 85 63 58 1363
82 61 32 13 88 37 6 65 1193
7 59 56 27 46 22 49 56 1495
75 22 3 20 98 98 88 93 1340
12 98 51 35 34 31 81 62 1395
84 75 40 26 15 17 19 94 1388
15 33 60 57 57 40 11 84 1120
28 99 31 8 24 40 74 43 1295
36 52 40 41 44 62 12 5 1101
67 1 54 87 19 98 96 72 1415
77 80 80 40 98 8 6 19 1045
38 58 66 40 56 93 96 58 1492
10 55 62 83 83 88 61 30 1428
50 37 36 75 88 42 37 34 1167
77 37 30 92 55 73 83 77 1504
11 65 4 55 61 51 9 29 1192
22 59 81 24 28 64 84 94 1296
29 16 48 27 71 99 22 89 1038
79 38 28 18 67 69 42 81 1015
2 19 9 86 67 48 59 17 1217
77 84 100 78 53 26 61 56 1176
48 71 23 71 43 96 86 88 1174
24 85 63 46 75 7 70 96 1007
40 16 48 56 67 42 72 94 1383
85 14 56 21 61 98 19 85 1496
96 28 29 58 76 81 54 56 1366
99 12 22 31 42 47 41 93 1093
39 52 58 46 76 68 33 71 1344
9 33 30 86 13 12 44 89 1204
67 53 5 29 35 45 2 56 1061
32 53 3 50 96 69 13 85 1293
82 24 79 91 10 10 10 33 1035
82 21 28 61 100 24 2 51 1031
44 37 61 83 47 34 90 29 1340
68 3 100 2 57 98 99 91 1023
5 22 23 88 42 4 91 3 1098
22 26 34 57 10 98 86 27 1349
44 8 39 45 68 39 2 19 1227
93 61 83 80 78 8 67 40 1428
85 7 2 21 42 66 52 18 1445
84 65 34 14 87 87 35 51 1387
1 25 24 94 82 68 37 45 1477
6 25 50 68 34 92 69 32 1200
9 39 99 65 41 28 20 49 1204
76 12 82 26 44 21 83 88 1120
62 46 32 3 66 77 85 4 1125
16 54 77 69 33 22 8 6 1165
14 7 100 89 64 6 76 45 1208
79 48 36 11 48 13 40 57 1036
80 94 51 31 95 6 88 95 1211
