5 50
38 69 48 65 86 1277
84 90 41 89 71 1232
57 93 5 29 16 1384
91 83 32 15 52 1128
65 31 26 22 7 1438
44 41 44 34 70 1129
62 96 50 69 37 1053
62 71 49 60 1 1493
27 57 95 92 95 1524
1 28 27 33 5 1073
70 70 3 95 27 1482
77 27 39 42 64 1325
42 70 42 65 91 1069
69 88 40 18 30 1520
23 22 92 91 98 1486
93 56 70 46 54 1295
98 42 40 4 71 1249
95 41 65 74 79 1435
36 71 50 75 52 1414
48 55 36 83 77 1369
45 55 90 99 95 1553
99 53 59 88 30 1188
45 28 32 9 41 1511
30 73 16 70 65 1377
99 36 27 3 89 1226
87 11 6 84 73 1134
40 9 38 33 24 1521
65 92 68 18 11 1365
52 23 27 80 30 1480
43 29 11 3 92 1386
39 35 30 83 91 1425
28 51 89 29 7 1568
97 14 48 29 73 1172
22 74 95 19 54 1403
51 60 3 43 6 1235
51 100 44 91 36 1090
87 73 24 64 8 1098
90 71 39 89 12 1404
32 62 59 94 99 1436
57 56 96 12 70 1550
21 44 17 11 57 1543
93 55 52 31 45 1499
89 53 81 89 89 1337
26 84 62 16 48 1199
50 6 1 51 9 1498
9 53 32 89 77 1088
93 14 21 92 47 1107
23 63 33 30 72 1133
18 44 85 65 95 1437
90 50 29 54 68 1070
