5 50
9 31 46 67 9 318
59 42 97 62 29 366
8 54 15 89 19 510
65 14 19 95 82 344
97 90 66 76 12 297
20 45 72 53 96 438
83 73 54 84 86 567
48 18 20 1 42 427
71 58 14 79 38 400
84 80 14 71 91 659
77 2 58 77 42 674
51 47 6 30 58 371
70 46 3 76 42 505
34 54 70 22 75 315
90 65 16 55 8 513
40 14 3 1 14 522
75 9 91 48 43 442
95 81 4 21 7 315
33 79 52 16 39 391
61 75 29 44 14 301
70 29 52 94 26 452
22 92 8 84 94 608
66 72 37 67 82 697
43 100 58 33 40 629
20 27 28 72 51 412
78 3 13 72 41 344
50 51 41 36 80 633
39 40 33 43 16 508
43 85 47 66 77 389
23 98 72 39 96 418
71 99 39 6 57 653
29 80 20 59 71 265
26 82 6 9 44 719
34 26 45 10 90 691
40 19 20 57 100 602
49 32 35 55 43 528
66 51 51 68 19 264
80 37 33 46 11 508
90 5 11 92 46 373
42 45 73 22 67 383
65 99 33 62 69 261
32 4 80 45 29 476
72 83 45 53 52 434
67 78 85 48 92 722
18 69 34 27 42 596
43 43 24 10 23 500
23 30 80 95 4 379
81 72 23 20 60 391
4 60 42 17 70 733
40 40 65 46 89 554
