8 50
3 74 42 65 95 53 86 67 685
76 15 40 19 20 53 53 53 1203
16 44 71 36 10 11 26 33 1442
94 38 71 71 69 51 88 26 891
58 71 28 90 73 42 30 54 102
95 22 31 86 67 45 49 8 955
34 58 49 2 22 3 84 61 1268
26 64 78 4 27 6 35 68 953
98 84 11 62 100 78 48 30 1073
74 48 5 10 75 69 65 22 20
50 33 12 63 68 100 77 17 938
29 49 9 58 90 9 19 100 686
95 91 48 33 10 55 85 89 872
80 85 79 100 86 61 86 6 1158
51 69 29 35 88 39 48 86 967
72 88 7 53 56 55 7 10 11
22 6 87 20 82 22 57 77 724
77 61 96 23 22 45 63 84 1399
21 62 59 66 6 76 86 31 505
17 10 77 70 7 30 44 94 1436
77 14 31 98 48 42 87 77 64
97 40 20 39 21 28 97 93 1309
48 84 19 61 57 23 19 64 302
30 47 15 20 6 32 45 25 1011
98 35 12 72 20 41 39 58 1274
4 21 77 41 73 8 56 11 767
80 38 52 55 99 75 14 70 258
73 35 68 71 96 87 67 90 151
83 61 16 5 26 22 55 58 319
94 77 9 11 13 67 19 32 1336
37 69 23 45 100 17 11 16 1372
76 14 48 91 7 37 77 53 1036
66 52 52 25 10 44 76 4 1224
95 48 88 32 25 74 71 60 114
31 21 20 54 78 18 63 78 883
33 23 21 41 14 75 44 22 296
46 3 91 88 100 88 25 57 1183
99 10 11 77 45 84 3 6 320
46 42 90 2 66 100 26 45 574
70 43 8 76 77 52 52 54 986
50 83 87 11 68 54 28 63 546
3 11 94 16 21 39 16 98 21
95 84 70 37 48 39 63 48 223
14 54 24 45 36 70 16 77 369
12 28 24 37 42 93 85 45 913
29 98 80 12 21 33 49 40 1141
20 34 19 100 24 65 79 35 73
89 8 7 95 83 47 65 69 95
59 10 43 75 59 11 5 35 5
34 93 1 94 25 16 83 49 1452
