5 50
36 50 43 31 67 858
64 6 68 73 80 1205
99 57 77 51 75 598
92 89 76 33 61 333
16 89 66 99 40 1389
28 93 94 6 40 505
49 42 58 83 57 1175
49 55 35 47 3 1123
14 4 12 21 89 1594
94 30 89 44 92 2099
31 4 35 92 14 1163
77 95 3 80 48 1063
69 11 68 98 79 1399
99 50 56 34 67 477
40 82 84 13 58 1628
81 15 87 64 94 400
9 34 37 25 38 923
90 39 74 2 31 2081
60 35 75 56 58 588
30 31 94 55 12 453
78 35 18 70 67 1731
43 90 43 91 42 2044
4 15 50 67 15 1732
67 20 53 24 100 680
67 100 30 20 71 282
95 51 6 78 35 1210
27 10 38 34 17 753
49 15 33 48 46 656
73 86 51 9 61 1825
95 12 66 95 35 474
58 41 88 66 9 1875
5 17 35 82 35 1887
16 27 79 65 85 2127
13 48 78 44 24 1395
63 15 97 5 49 480
39 8 89 73 59 1305
22 81 8 61 31 2163
56 42 17 57 1 319
100 4 5 78 50 457
93 5 8 96 26 302
2 64 23 76 79 1072
1 45 49 49 59 1967
29 68 45 51 79 531
2 95 68 96 77 682
20 9 56 46 73 456
96 33 34 33 75 2192
20 75 5 33 77 1345
16 23 63 96 27 443
78 15 5 52 24 1292
61 51 50 75 100 476
