8 50
28 29 8 76 77 53 62 53 1469
31 70 21 91 25 43 53 13 832
45 22 60 30 52 5 83 45 1681
11 8 26 86 82 4 35 43 1748
25 42 18 41 49 93 92 47 1131
74 8 26 87 79 35 24 48 1564
57 95 76 17 39 99 19 20 1561
85 6 86 61 52 11 2 83 1262
58 24 35 47 46 58 53 96 1629
54 36 44 23 47 46 16 80 1202
5 64 100 12 91 59 79 97 930
1 42 99 22 81 1 38 32 1058
30 47 34 30 48 94 6 39 829
80 27 54 81 74 97 61 4 1210
20 54 73 100 8 72 91 20 1247
11 58 100 83 80 27 59 44 665
39 90 68 58 10 99 74 28 635
43 88 84 43 12 100 52 99 1280
92 32 25 70 30 51 73 53 969
18 31 38 91 71 24 70 25 1019
59 41 32 31 54 97 9 35 1408
93 40 71 87 45 86 77 63 1586
23 7 55 1 97 99 75 76 1852
12 19 4 59 4 57 6 26 1305
27 61 34 17 6 37 92 48 1586
28 75 30 59 60 15 50 71 1799
42 58 11 44 85 45 8 13 956
3 18 38 65 4 82 31 83 1414
59 18 94 16 59 59 29 99 1342
1 24 53 69 87 5 85 51 939
25 42 53 81 73 36 44 76 1162
88 64 56 86 31 74 2 48 955
95 55 45 56 81 26 90 40 1115
52 27 80 63 16 61 17 11 1148
71 55 18 27 46 85 48 57 776
47 32 83 98 48 69 5 21 1156
27 89 30 69 71 91 39 71 1057
41 33 96 48 16 14 15 43 1622
34 100 54 26 24 87 83 28 1459
52 42 94 10 57 60 91 82 1577
98 7 34 84 3 97 35 9 1517
12 30 93 32 19 50 74 19 820
16 53 87 89 63 68 38 82 1166
90 51 5 28 24 31 97 31 975
73 10 91 27 83 49 30 48 1495
64 46 9 55 97 49 82 63 1684
42 67 55 30 23 73 63 21 1000
38 59 77 93 90 53 97 80 1040
40 2 11 28 56 2 40 38 1146
50 15 66 57 89 80 59 79 1745
