5 50
39 62 29 79 78 1321
11 40 32 36 35 793
64 49 17 95 19 205
46 38 36 46 50 1076
81 49 11 60 14 1413
79 84 27 67 77 376
78 46 20 99 53 496
39 100 78 39 59 910
46 70 95 98 36 154
34 7 7 70 23 325
95 11 74 16 48 1038
90 62 45 85 50 1074
86 59 81 71 71 1225
54 5 83 13 24 770
83 98 76 33 36 1428
100 60 71 58 38 969
71 21 9 7 17 596
10 66 24 7 71 296
44 74 9 34 75 711
10 72 8 46 85 133
12 85 25 17 85 1166
9 27 84 57 26 816
4 39 1 45 70 1362
46 75 97 30 18 1030
36 62 9 11 25 515
66 56 39 95 44 413
79 54 31 54 12 871
32 19 53 24 12 326
66 78 2 27 6 626
52 41 68 16 63 331
2 12 84 94 41 869
73 90 80 12 79 1439
91 87 24 67 72 141
47 53 71 40 98 319
28 13 28 60 7 425
64 16 33 27 13 835
12 20 73 62 44 997
86 79 4 95 88 1345
64 68 74 37 74 1160
58 76 3 19 18 780
1 80 46 80 87 1203
32 67 31 53 61 1339
78 89 2 37 60 519
73 60 63 3 48 150
38 29 55 63 2 668
97 36 5 83 23 444
42 34 74 78 34 307
71 23 8 27 57 226
87 43 57 100 32 898
74 77 31 96 24 1330
