8 50
57 17 30 75 76 86 70 66 1422
11 39 83 89 75 4 88 19 1759
43 29 35 7 91 32 33 80 1180
1 97 79 65 46 13 100 71 1343
16 100 36 100 99 41 21 58 1169
58 40 48 36 43 16 57 89 1144
81 66 10 35 49 12 49 21 1359
67 37 1 12 95 2 7 54 781
68 37 98 77 67 41 43 22 1247
99 70 29 73 75 25 92 8 867
84 66 92 19 53 97 69 35 1355
4 71 24 25 28 61 8 100 1131
92 38 10 33 13 9 90 28 1783
14 9 47 68 34 40 65 63 724
23 6 80 82 82 70 36 45 1556
32 29 87 15 35 38 83 97 1024
52 78 77 93 63 22 96 85 1177
63 37 26 40 40 17 27 44 776
83 24 44 76 13 28 83 16 922
81 72 31 51 6 34 31 4 861
52 29 66 1 43 30 90 47 1565
19 30 57 6 46 61 91 16 1314
90 62 90 75 49 17 26 52 873
65 61 68 24 53 59 69 94 1562
13 31 55 92 69 42 80 70 1158
97 64 38 69 31 94 18 18 1648
86 90 27 8 22 34 73 32 1613
72 54 78 19 54 11 5 7 1080
26 56 86 26 56 10 98 22 1396
58 83 67 57 67 18 54 99 1259
22 14 66 66 24 55 44 8 1156
32 77 45 8 79 32 95 62 794
36 40 40 52 76 2 27 41 1676
9 27 45 56 59 87 35 78 1045
95 36 25 59 80 77 18 42 973
95 21 88 54 64 84 51 15 738
26 19 1 14 97 7 5 74 1171
98 68 44 8 2 67 83 16 1449
44 26 86 23 37 6 24 31 1208
81 5 65 14 31 42 36 100 1321
92 30 89 7 20 87 90 43 1398
89 46 8 13 20 77 72 16 1272
89 51 6 87 7 3 82 22 1807
56 23 2 99 74 29 4 54 1045
42 71 59 56 100 28 23 77 1820
23 34 12 96 2 80 95 87 1494
27 11 77 67 63 73 92 25 1673
70 58 64 78 8 55 89 24 1015
97 43 5 4 57 28 68 75 1272
83 66 74 4 95 94 68 13 1114
