8 50
58 88 67 51 92 96 39 63 910
66 15 99 50 6 86 83 5 1632
70 42 93 82 4 10 86 28 1797
48 74 95 87 14 86 51 83 1720
31 49 9 27 8 46 60 56 1228
72 44 84 50 17 94 61 62 1755
6 10 35 32 28 41 24 87 1831
83 51 2 67 89 59 18 2 1852
21 2 1 66 5 40 61 42 768
21 63 91 11 91 7 88 65 756
59 62 64 38 100 4 30 66 1742
15 49 45 20 32 54 35 28 1263
62 90 76 41 19 22 37 81 856
84 51 66 6 97 86 44 27 1193
88 40 44 68 42 95 27 18 1530
22 97 26 35 43 71 94 72 1311
72 89 94 19 86 48 78 44 1497
41 52 30 2 62 71 3 96 1694
65 53 6 49 69 34 29 31 1585
56 57 47 87 45 59 74 91 1763
14 39 27 17 67 58 18 8 947
20 46 39 56 75 87 84 31 1903
74 10 87 29 54 49 34 36 1467
84 90 54 81 58 12 9 44 1539
93 79 11 51 85 8 50 24 1174
26 44 20 80 86 36 62 64 1089
12 49 27 18 3 88 91 5 669
50 57 53 72 98 47 49 36 1051
60 19 53 20 25 39 86 85 1875
42 88 35 13 9 75 34 69 1450
50 76 2 77 46 48 72 83 1291
74 84 60 13 42 93 67 43 1185
43 95 99 52 65 33 22 54 1830
61 90 50 48 52 73 80 91 1813
40 93 56 29 79 39 68 58 1929
24 29 93 75 61 92 87 48 781
82 9 27 96 47 95 41 8 1762
90 20 66 72 81 17 4 53 1906
79 6 72 20 89 54 57 53 1899
13 15 71 24 87 6 52 75 1001
98 98 22 28 7 10 17 90 1702
13 19 23 94 62 38 89 48 910
6 18 4 86 92 38 1 73 1507
29 65 85 13 81 78 64 57 969
86 98 4 11 8 12 4 57 1335
90 95 61 82 87 58 49 79 1535
41 92 2 20 64 13 85 89 1883
6 69 60 88 65 64 37 98 1829
55 9 96 2 74 82 79 37 726
98 17 59 23 38 72 6 20 995
