5 50
77 35 14 89 56 1030
85 40 26 65 43 2779
9 41 60 37 1 1161
33 26 92 39 60 1045
5 51 90 1 100 1537
88 46 73 2 59 1267
70 85 86 16 42 1689
13 84 36 63 32 2285
18 88 66 44 5 1813
29 41 87 72 39 959
89 53 97 8 29 2276
20 84 16 58 30 1576
93 27 52 18 29 2760
78 31 26 63 54 2218
54 34 70 73 16 1535
17 7 30 15 84 1494
5 27 53 19 45 1175
33 97 72 27 51 954
23 21 8 11 40 1276
86 38 54 16 18 2444
77 14 36 86 31 2202
1 30 32 66 92 1161
98 16 64 97 4 2285
73 31 4 44 22 1557
63 91 33 26 33 1621
48 21 17 61 92 2356
3 60 6 34 94 1057
68 88 34 89 41 2442
54 66 91 44 1 1308
40 18 75 69 38 2174
14 29 2 22 23 1998
2 18 42 75 31 1822
26 31 41 33 66 2666
64 31 50 44 18 2316
81 77 3 42 86 2679
83 56 74 78 62 1338
37 19 44 81 42 2314
18 66 84 17 33 1923
40 9 77 93 49 1422
31 33 90 12 2 1780
21 50 97 79 81 2361
78 30 14 81 61 2606
44 49 17 38 26 2688
27 26 69 78 88 2022
76 33 41 30 78 2064
56 92 57 87 2 1710
24 55 54 50 10 2500
36 52 71 95 12 945
44 58 49 28 52 1281
53 7 77 46 87 2391
