8 50
18 4 75 34 31 56 53 52 2184
84 84 16 25 65 63 12 48 1935
82 28 12 88 51 100 18 9 1795
70 95 97 24 77 4 20 37 2142
56 78 49 12 61 23 50 18 1993
10 66 78 56 3 9 99 48 1942
13 20 14 3 82 29 36 34 2196
66 96 88 77 20 49 68 9 2118
94 11 85 62 50 3 93 96 1955
81 97 39 89 3 98 42 7 1879
39 16 90 9 88 86 63 72 1957
50 11 94 16 86 48 89 61 2078
46 15 38 31 88 27 7 4 2133
69 22 20 88 100 14 25 73 1945
39 55 78 16 50 91 65 23 2033
12 31 31 13 22 86 17 71 2110
96 23 64 81 77 72 59 60 1937
14 44 36 97 84 76 73 58 2167
6 66 16 7 1 74 17 23 1989
78 73 79 52 27 90 70 53 1876
2 63 48 91 78 85 33 46 1763
60 24 31 44 65 81 57 74 2018
60 72 31 18 90 100 3 1 2082
9 41 15 37 86 57 75 18 1807
22 14 96 85 3 55 86 77 1747
86 13 9 5 40 64 94 65 1962
29 82 84 1 92 47 92 91 2041
37 98 38 17 7 95 69 73 2182
50 85 51 7 16 46 56 100 2008
77 88 71 40 57 38 42 7 1891
77 100 26 88 66 99 91 86 2184
97 65 49 26 82 19 35 96 1787
52 7 10 81 4 25 58 29 1771
85 45 12 54 19 19 43 41 1962
35 49 37 27 87 44 21 19 1833
27 53 2 45 22 14 69 62 1961
29 65 3 47 36 37 17 7 1836
66 75 21 5 16 30 81 9 1819
9 13 61 18 56 81 80 16 2167
1 31 55 7 29 11 76 43 2093
84 75 53 93 72 33 7 14 1809
48 90 48 99 22 39 15 17 2110
1 2 35 41 89 46 14 2 1995
32 22 56 90 85 79 74 79 1762
27 68 44 59 56 74 75 58 2038
90 31 75 22 66 20 53 35 1935
24 10 90 56 26 20 11 74 1998
64 11 11 55 31 94 58 42 1848
68 40 89 97 52 55 18 47 2086
61 90 6 11 96 50 79 69 2006
