8 50
19 42 44 87 14 40 58 77 2566
10 1 61 34 2 91 37 58 1657
52 79 39 31 95 12 3 73 1742
42 52 7 17 29 87 10 82 1473
70 81 42 54 61 27 55 100 2646
85 4 30 97 75 72 52 100 1596
92 9 27 21 42 78 89 74 2425
98 80 18 21 24 39 37 92 2387
7 21 25 22 59 41 86 21 2401
32 34 1 80 18 69 56 7 1877
5 5 23 13 53 57 26 57 2051
78 99 44 60 16 19 91 10 2343
35 6 21 3 57 84 26 4 2306
12 64 79 54 33 94 67 18 1408
69 93 36 98 44 30 96 95 2473
3 17 96 71 90 99 85 61 2051
69 80 25 38 34 45 4 90 1473
32 64 8 52 87 43 21 46 2166
8 67 82 25 21 26 72 28 2174
32 70 16 14 25 31 50 80 2273
38 19 2 87 98 97 36 27 1764
76 40 100 29 5 28 44 43 1555
52 49 44 2 58 23 46 75 1981
42 30 18 72 93 20 36 4 2125
13 95 57 1 18 23 22 66 2422
73 95 2 98 77 10 46 100 2587
47 65 76 24 87 79 93 92 1391
47 66 87 54 98 48 13 49 1389
46 84 23 57 57 90 17 72 1671
66 64 68 27 18 63 57 22 1593
85 38 100 15 2 73 15 44 1966
82 12 6 55 5 84 6 34 2176
97 22 15 23 39 84 63 77 2373
71 81 52 75 72 81 95 80 2408
64 55 45 20 93 61 94 39 2171
52 37 37 100 37 45 91 87 2090
75 50 40 86 53 68 86 92 2377
21 81 11 63 80 2 61 23 1446
30 70 39 7 75 82 67 88 2445
11 6 2 100 14 94 96 45 2223
31 70 13 30 10 93 67 65 1781
91 96 8 30 9 84 46 43 2342
10 38 82 72 29 94 58 12 2556
90 17 98 60 53 78 41 52 2509
61 84 19 28 22 21 74 89 2556
33 22 73 8 87 65 60 67 1956
37 75 9 61 94 68 79 38 2237
65 67 93 8 29 63 25 55 2224
6 26 46 40 25 99 26 28 1474
47 91 40 55 71 99 65 67 2622
