5 50
12 25 54 36 52 1110
69 3 6 91 63 2455
22 28 43 15 99 1198
57 88 79 45 31 2693
31 17 89 6 100 2338
86 89 42 46 25 2421
24 71 89 90 77 1557
82 24 79 44 14 2220
76 22 15 46 89 2450
81 97 40 96 66 2055
91 62 40 31 44 2604
13 77 13 83 36 1062
70 19 58 58 94 1748
54 85 94 37 91 1975
23 93 7 52 43 2227
88 46 62 91 57 2437
63 34 10 8 7 1553
74 44 43 68 47 2289
3 93 13 9 39 1361
38 14 82 37 80 1794
55 95 87 19 36 1257
19 30 39 89 77 2404
73 26 3 5 17 1199
17 47 58 18 4 1097
37 30 42 88 55 1401
85 19 75 83 94 1319
5 60 46 88 44 2721
69 31 44 75 59 3092
100 88 58 57 43 1348
28 33 11 39 94 1167
17 4 24 59 39 3043
34 72 40 79 93 1937
88 62 63 99 7 1782
34 55 46 45 99 2327
87 50 54 21 87 2076
21 23 66 22 32 2903
1 67 82 8 89 1269
14 3 93 41 37 2105
19 81 93 77 60 2584
72 100 100 8 79 1323
40 76 77 30 58 2371
9 55 87 67 5 1501
87 91 44 97 45 1398
11 73 35 17 4 2657
36 10 98 18 14 1117
85 55 35 22 60 2844
14 26 69 87 34 1804
94 22 20 51 81 2463
51 15 37 85 80 2403
40 97 70 98 73 2750
