5 50
30 16 55 94 63 1067
80 89 41 34 57 1017
20 77 53 29 80 1087
67 39 77 75 8 1325
59 18 5 84 40 1141
74 52 78 83 55 1047
51 73 26 8 26 1198
63 20 24 69 71 1056
22 71 100 25 88 1079
52 43 67 82 55 1372
57 56 36 42 27 1251
7 24 7 94 25 1238
11 28 8 60 39 1395
87 63 56 56 99 1389
10 26 27 95 82 1053
2 91 13 4 9 998
94 37 11 12 51 1011
79 8 88 78 18 1313
36 90 19 67 59 1382
64 39 10 3 97 1369
52 6 62 69 15 1128
15 15 1 9 95 1171
66 6 97 6 39 960
28 67 23 61 40 993
6 14 88 45 17 1041
63 83 35 41 91 1045
82 1 90 98 2 1409
73 34 56 30 38 968
82 68 54 9 62 1343
14 14 15 80 47 1318
54 58 96 67 24 1308
17 43 26 81 97 966
66 83 39 41 45 1398
73 22 14 71 38 999
86 20 46 79 45 1122
79 2 12 8 73 1400
47 12 39 71 9 1142
13 25 59 33 79 1195
41 77 20 34 51 1289
77 53 81 34 79 1389
30 50 46 43 2 1371
28 37 48 75 82 1198
1 96 83 21 24 1196
54 52 87 6 82 1026
81 94 3 80 50 1058
29 31 32 15 16 1384
74 61 23 42 47 1139
100 42 26 46 91 1072
52 39 41 29 36 974
97 32 53 78 95 1153
