8 50
12 48 39 46 56 20 27 96 199
87 54 29 2 39 45 55 14 481
79 96 68 39 60 24 3 11 912
17 35 91 48 41 43 3 85 192
16 58 10 1 39 8 2 60 493
27 79 28 73 82 7 50 4 989
48 2 4 77 69 82 92 29 278
24 85 71 71 64 99 23 65 957
52 50 12 91 20 94 67 56 323
77 20 64 17 2 33 82 91 371
85 82 11 25 28 74 42 21 775
21 74 61 17 90 97 66 17 914
77 20 85 63 19 79 19 47 18
75 32 26 21 93 59 33 27 30
63 8 93 71 37 5 75 21 194
44 23 60 64 76 90 51 43 939
14 55 94 77 75 34 100 30 165
19 64 65 52 4 31 62 29 968
95 47 78 51 7 15 21 87 1049
99 40 37 39 66 13 42 41 38
25 64 98 45 81 4 33 99 114
54 52 97 100 39 66 37 43 288
87 87 59 49 79 19 60 49 655
60 24 19 86 20 68 16 77 328
72 14 86 59 17 76 50 79 317
56 23 27 96 18 22 7 86 301
23 42 19 33 41 41 10 66 928
73 32 26 97 54 71 92 82 47
57 66 9 28 51 43 28 66 1082
36 97 94 92 84 3 31 70 802
57 13 75 20 69 15 73 98 322
20 43 10 12 35 39 34 84 392
46 36 11 10 99 41 90 85 434
80 15 26 52 31 45 82 8 498
7 98 2 8 90 74 60 68 1003
18 62 16 23 20 36 55 79 358
15 27 64 10 68 9 69 58 275
6 13 83 92 9 31 38 10 259
99 13 68 78 90 33 28 2 763
54 53 83 34 18 93 42 95 108
6 3 69 85 84 31 43 42 763
3 10 54 40 83 13 97 21 217
27 2 73 27 35 10 76 87 78
54 99 12 33 18 87 59 24 306
98 21 57 37 57 96 70 94 494
31 59 18 45 9 24 63 18 499
56 96 10 33 14 97 84 11 295
44 76 34 92 39 33 86 58 563
6 57 84 56 20 68 18 33 135
86 27 87 65 94 64 18 40 209
