8 50
86 52 4 78 71 14 61 69 1253
29 38 85 25 79 99 57 13 2146
41 84 91 35 26 100 87 57 2996
17 30 48 96 33 48 23 12 2603
88 37 19 16 55 34 73 23 1898
39 29 78 38 8 49 26 76 2782
57 94 36 13 7 30 71 99 1274
4 14 43 46 47 29 69 24 1227
27 65 43 87 25 19 91 11 1759
46 2 93 12 92 87 95 37 1797
68 15 45 32 56 60 45 40 2548
61 44 96 29 96 92 46 10 1554
25 93 59 33 28 25 63 87 1943
91 64 63 77 36 83 35 99 1747
23 64 58 34 67 67 1 96 2832
69 73 12 95 88 83 59 58 2985
87 33 92 33 4 15 24 62 1430
95 44 95 39 78 14 79 26 1375
50 13 88 43 30 67 86 12 2129
22 71 99 43 59 44 100 43 1852
33 17 9 52 65 55 3 44 1553
60 26 33 50 56 91 14 14 1091
61 53 87 89 7 76 40 23 3014
66 63 40 42 13 20 52 9 1571
67 92 15 24 16 15 19 2 1940
8 42 3 4 41 100 53 84 2048
17 94 82 54 53 13 64 61 1523
59 60 95 82 55 99 56 88 2830
74 100 57 71 31 64 49 99 2404
70 47 95 11 100 55 32 19 3065
92 98 6 25 23 71 10 91 2343
79 28 93 22 51 97 43 49 2241
52 59 24 53 47 13 24 27 2193
97 51 45 23 35 45 78 95 1379
80 18 66 39 7 74 89 32 2197
49 17 42 6 2 6 70 79 1582
19 50 12 77 72 72 37 70 2827
23 12 98 70 13 98 8 53 2051
19 90 15 39 60 86 74 36 2693
45 64 21 87 9 85 48 66 1581
73 68 52 95 75 23 68 13 2316
95 79 2 94 66 38 29 60 2305
67 70 4 17 66 75 88 79 1769
87 61 83 28 2 63 82 27 2322
28 63 25 35 58 83 88 63 2646
77 83 48 82 26 65 9 44 2660
30 65 98 42 77 41 84 38 1104
14 16 56 5 47 40 32 69 1491
47 37 46 42 55 8 29 25 2683
49 82 32 99 89 78 70 98 1897
