5 50
33 64 78 99 89 1105
52 5 82 49 8 1133
75 62 89 82 18 1198
69 91 43 24 58 1184
64 21 5 89 24 1383
70 61 22 11 37 1331
60 89 43 27 10 1440
77 66 32 18 76 1459
84 23 76 33 86 1209
19 58 43 97 32 1010
100 93 53 77 16 1321
78 71 55 5 12 1385
93 78 58 43 74 1217
71 37 51 30 65 1284
44 10 67 56 52 1005
39 95 11 28 32 1019
35 65 33 45 49 1459
54 51 37 95 66 1036
42 100 72 43 58 1181
25 46 91 68 30 1368
12 4 23 22 44 1239
19 21 67 9 38 1119
17 65 7 26 53 1173
41 59 52 35 45 1184
73 23 74 78 99 1423
78 18 59 44 62 1064
59 62 64 96 30 1005
72 61 40 97 14 1250
99 44 81 29 8 1101
18 13 81 36 3 1138
64 10 15 63 19 1120
79 98 61 28 60 1224
75 82 58 33 43 1283
56 15 12 22 95 1183
6 15 46 41 48 1439
5 99 27 85 11 1189
11 72 2 61 88 1083
100 50 11 78 35 1043
86 69 47 90 61 1208
42 52 34 92 48 1376
94 9 33 15 12 1060
38 46 25 63 84 1074
60 77 28 21 17 1237
86 24 35 59 53 1012
18 8 54 49 60 1086
10 55 91 7 73 1343
82 15 37 56 13 1021
66 3 41 10 48 1214
16 5 83 71 39 1452
79 48 60 16 84 982
