8 50
85 50 8 3 12 75 34 31 1832
81 84 69 59 22 70 15 32 1950
37 15 23 47 7 62 98 29 1866
56 92 95 100 22 85 68 17 2059
77 16 59 14 92 76 67 90 2233
62 55 12 59 65 96 92 31 2028
3 92 66 70 30 8 3 94 2082
81 6 48 56 74 17 91 50 2142
56 6 13 86 86 8 67 58 1936
81 42 4 80 36 20 90 36 2056
22 96 52 59 51 30 52 67 1778
96 77 37 97 5 55 59 50 1886
88 50 10 56 88 1 43 66 1843
70 47 4 67 62 86 7 28 1994
13 55 89 89 13 48 81 65 2143
38 57 43 15 8 51 77 32 2179
49 74 25 94 64 30 59 87 2206
37 65 9 87 32 22 17 26 2242
76 61 53 18 93 62 46 15 1987
22 91 77 55 66 5 33 20 1776
61 5 3 88 33 87 27 1 1787
3 96 56 33 60 37 56 23 1938
88 42 92 66 26 24 54 82 2138
40 93 61 89 63 1 3 12 1762
90 3 92 53 80 80 50 59 1967
68 99 11 20 60 85 42 87 2001
40 23 21 42 8 98 35 73 2108
96 76 50 76 72 40 51 77 2081
15 24 76 26 15 65 17 90 1807
38 8 15 89 72 75 82 93 2250
97 26 94 46 67 64 35 5 2042
39 85 99 1 96 64 24 30 2168
93 59 79 3 81 82 36 61 2050
39 46 43 68 63 96 99 89 2156
37 77 33 1 56 22 23 30 1811
64 94 37 7 36 75 91 21 1832
55 66 88 35 75 51 67 49 2177
66 41 9 12 61 50 74 32 2059
18 30 31 56 90 48 19 43 2153
43 17 28 95 50 15 40 10 1930
49 97 33 98 95 45 58 33 1892
68 85 27 34 22 27 3 86 1943
8 71 15 15 14 6 98 48 2120
25 24 71 85 92 14 15 98 1876
31 74 76 94 32 14 77 6 2239
63 2 50 33 35 93 6 54 2091
85 22 19 72 30 73 54 23 2031
37 25 40 28 14 46 8 93 2114
70 14 18 80 38 59 43 63 2054
89 49 34 38 78 2 86 49 2152
