8 50
52 52 99 13 52 61 55 40 1470
1 38 25 95 24 33 83 18 2178
62 8 35 82 67 5 62 18 879
62 21 90 99 89 21 78 17 1546
21 95 70 10 89 33 34 45 766
15 7 47 63 31 36 100 17 251
15 43 23 43 42 26 4 42 1651
13 86 33 40 75 64 11 20 1285
84 72 31 8 24 28 93 39 2112
5 88 57 6 54 31 79 35 671
74 60 21 23 9 6 82 40 764
84 12 81 51 90 69 97 42 895
41 39 96 86 67 42 63 23 1704
63 96 60 8 39 7 19 64 1202
43 59 77 32 74 8 19 59 1468
23 73 93 85 67 6 82 44 1843
41 12 86 40 25 11 65 23 1129
93 5 32 91 97 20 9 28 776
83 31 52 86 46 5 99 8 681
62 71 98 40 96 53 100 45 2064
14 54 64 43 6 7 79 98 970
87 5 24 65 40 62 97 12 1640
28 49 78 12 98 1 64 58 636
14 88 3 94 7 84 11 25 1976
74 50 32 45 82 1 4 97 253
82 41 29 9 44 28 86 27 397
36 78 58 17 68 40 43 5 1104
41 60 86 71 58 79 96 97 1081
15 40 98 77 57 7 68 2 1108
64 76 46 20 85 19 73 49 358
41 63 9 20 94 34 91 45 1216
88 49 64 69 75 92 30 96 1683
51 16 15 44 3 35 56 52 1444
2 96 80 68 35 3 73 79 639
65 75 50 82 47 30 22 99 1997
83 61 67 66 80 10 10 90 2174
72 22 39 32 56 6 40 15 346
17 3 79 72 3 52 31 80 529
6 1 42 13 26 82 36 82 1120
35 30 27 85 63 52 24 40 769
24 53 69 4 49 4 19 24 303
39 22 30 93 27 6 14 76 2027
50 80 88 65 1 76 30 74 1882
2 70 87 63 47 15 83 33 364
62 98 77 68 84 20 50 2 867
54 61 61 73 12 12 79 55 1515
96 41 97 32 7 73 52 80 2064
58 18 60 43 52 95 92 21 537
61 58 77 45 94 47 76 37 701
92 52 77 95 27 84 74 66 1999
