5 50
15 76 96 56 30 1390
68 7 90 32 17 1769
62 87 38 66 29 2581
43 89 78 91 29 2205
38 99 79 82 63 2096
39 25 35 59 14 1675
10 79 96 52 60 1380
4 96 23 88 24 1809
38 27 33 62 95 2460
22 73 23 28 66 1909
54 38 57 21 66 2248
19 15 39 7 96 2004
94 86 82 83 2 2022
38 83 16 15 54 2207
16 58 30 55 5 1710
79 78 47 87 73 2578
75 81 43 35 2 1366
35 46 56 97 20 2013
15 86 72 75 20 1701
30 53 44 12 79 1553
15 9 53 12 5 2416
92 26 42 29 51 1515
27 82 39 27 75 1896
3 48 74 2 70 2571
46 54 83 91 30 1553
35 60 7 75 68 1404
61 38 17 49 73 1881
79 10 29 51 82 1407
11 61 73 38 35 1370
8 98 83 95 24 1801
37 5 81 85 48 1608
17 63 33 22 43 2436
46 48 48 33 36 1490
12 74 63 33 56 2167
37 56 21 52 88 2251
40 63 57 100 6 1703
8 86 76 48 63 2441
82 21 100 31 84 1917
81 73 17 19 30 2444
19 52 28 6 35 1847
11 60 76 7 46 1713
50 57 61 95 76 1395
37 29 14 9 95 2188
95 98 51 12 97 2574
87 58 30 6 85 2194
13 63 16 70 35 2141
6 44 87 29 32 2100
4 70 62 84 12 1713
52 30 68 63 29 1750
92 58 83 40 93 2395
