5 50
97 5 31 91 83 765
56 6 22 55 68 1519
94 90 66 21 22 919
62 18 15 28 9 1135
18 69 31 54 60 809
72 56 81 64 87 1285
17 3 99 20 13 1618
98 68 56 29 45 1574
30 90 6 71 59 1105
5 48 61 99 59 1295
62 97 64 20 40 930
92 4 44 22 92 1289
55 20 17 50 54 1285
91 98 78 48 48 978
13 61 97 26 72 1171
38 73 21 45 88 1507
74 27 77 66 88 1066
73 70 40 99 10 884
45 9 50 60 8 676
94 43 26 92 14 999
87 30 30 50 67 726
32 11 59 95 59 1161
96 50 74 19 31 1243
87 62 70 76 25 1067
90 2 55 73 25 1788
63 42 37 45 13 1124
45 71 95 97 84 833
21 49 49 65 11 915
25 76 55 15 24 1285
47 6 45 35 57 1391
15 32 80 1 34 1155
59 40 53 75 75 806
100 60 2 12 26 1196
9 51 2 41 31 1455
88 74 76 65 76 989
9 78 11 4 60 1572
2 44 15 4 33 1832
37 15 56 60 54 1097
94 61 76 88 23 1254
50 15 26 10 16 1241
73 52 29 39 39 1737
76 20 41 19 87 971
77 59 67 9 40 997
6 78 56 90 23 1535
32 86 97 71 2 1443
31 88 64 71 40 1123
78 8 37 62 84 1243
35 78 35 82 22 1158
56 39 3 46 47 1394
22 58 30 66 52 1604
