8 50
87 21 85 80 9 55 32 3 1941
75 78 38 38 4 80 55 14 2099
45 97 88 89 50 4 92 38 2013
91 5 91 86 20 44 33 5 1792
58 29 95 92 71 77 6 8 1825
68 3 24 86 13 94 90 28 2134
100 3 82 89 30 86 46 1 1883
50 33 97 19 39 43 7 26 2058
32 62 91 9 38 72 10 26 1974
27 64 37 94 60 52 51 59 2236
76 81 30 49 34 13 91 89 2046
55 56 100 99 41 10 81 31 2027
31 16 69 23 34 33 26 11 2296
91 71 67 13 47 10 69 97 1926
51 16 4 7 71 57 40 64 2090
53 21 11 79 98 28 69 73 1798
61 30 45 55 51 79 61 62 1805
50 76 85 26 44 75 72 20 2134
94 31 57 70 18 16 64 65 2254
77 17 91 9 49 34 78 50 1821
15 48 76 59 48 15 20 94 1791
82 72 4 19 28 47 49 82 1820
57 59 15 6 84 39 99 16 2281
51 39 74 70 4 92 12 44 2244
41 23 61 88 59 41 98 41 2145
84 91 83 7 75 56 51 25 1837
80 39 57 87 56 73 38 88 2125
79 92 74 15 41 89 3 18 1813
70 47 80 31 50 76 55 82 2102
39 8 90 70 100 11 90 35 2198
22 84 64 81 53 16 3 39 1955
57 87 87 86 77 33 12 19 1958
56 87 94 70 58 69 80 13 1806
85 71 10 56 21 23 75 86 1967
96 82 2 88 94 60 17 72 1967
97 41 79 33 64 29 91 9 2232
5 52 2 23 59 87 19 46 2162
13 34 65 77 24 86 5 29 2291
2 60 78 8 8 54 21 71 2005
66 82 36 34 57 33 22 67 1969
74 22 20 4 60 59 19 41 1922
30 94 97 13 66 88 76 68 1806
24 87 13 41 55 2 61 8 2012
49 73 50 67 50 96 51 17 1997
11 52 73 31 79 68 49 74 2269
1 86 54 73 43 74 17 51 1848
2 38 37 51 67 3 68 64 2291
54 54 91 75 69 23 49 3 1808
79 70 32 83 30 91 11 6 1985
74 56 63 99 82 11 42 14 1986
