8 50
4 46 11 61 36 38 57 99 1890
69 85 18 69 6 52 18 67 2130
1 100 95 67 57 30 88 91 2051
78 97 20 52 36 93 28 37 1945
50 13 56 45 72 68 31 33 2080
47 92 58 14 56 7 99 84 1843
27 7 82 51 29 53 68 83 2060
13 49 26 49 27 87 40 22 2116
98 17 99 82 87 19 3 89 1804
33 27 45 57 19 30 60 46 1961
72 62 74 92 41 51 30 9 1825
8 44 15 38 4 61 40 19 1818
41 66 38 33 89 61 89 84 1770
47 60 91 21 87 34 57 73 1825
34 59 87 66 60 2 66 86 1977
67 86 68 66 6 52 79 1 2056
54 68 42 49 11 80 89 69 2081
86 29 79 84 17 77 1 92 2065
27 21 8 38 54 100 19 6 2037
79 75 98 42 1 10 63 16 2084
17 31 15 75 52 10 90 73 2189
21 1 95 50 56 36 21 36 2073
39 72 63 28 84 51 23 32 1770
71 83 96 65 90 37 78 51 1856
62 91 33 42 36 1 2 99 1873
8 79 25 44 84 36 69 12 2153
4 63 42 15 37 17 60 36 1886
19 74 17 56 28 47 37 34 2098
62 57 7 43 16 87 83 56 1971
75 29 62 54 6 51 81 5 1942
4 52 42 36 33 37 67 68 1955
44 17 20 94 35 42 68 2 2034
68 27 18 58 7 15 50 60 2014
31 82 65 83 89 71 81 3 1840
26 58 30 82 49 99 4 78 1962
41 42 2 84 28 32 22 63 2083
76 74 87 26 85 81 35 2 1944
31 6 36 100 29 67 77 1 1945
75 65 76 38 24 43 11 94 1876
87 15 95 86 82 83 69 68 2097
95 99 95 76 86 33 57 79 1897
40 61 5 60 83 94 64 3 1933
62 25 50 80 62 21 87 85 2077
36 30 3 51 1 38 95 74 2066
44 1 73 27 11 99 26 30 2037
65 79 78 76 70 54 59 22 1960
15 54 29 71 23 37 14 26 2002
54 17 62 88 18 93 13 13 1825
19 79 76 56 51 23 32 68 1999
30 52 61 19 2 66 66 42 2050
