8 50
36 36 8 45 35 10 55 86 1253
43 8 85 4 55 69 28 45 706
64 8 78 60 40 82 31 29 451
36 58 50 1 3 29 6 87 1088
98 32 27 15 11 73 68 29 1348
78 35 11 29 48 10 39 62 1381
74 76 46 73 50 14 23 96 573
12 77 53 6 64 85 57 4 1220
38 58 24 37 74 44 57 98 876
69 49 81 17 83 17 48 70 73
50 31 27 42 31 45 43 32 922
64 4 1 46 74 61 33 45 938
40 87 48 55 83 97 85 16 508
92 11 32 6 91 52 22 26 1131
16 83 44 100 79 51 22 81 1275
60 90 53 67 81 73 16 29 424
40 4 55 89 36 46 77 7 764
6 4 80 86 3 49 54 12 385
49 97 19 89 19 79 8 12 751
48 49 10 31 34 7 71 73 1007
54 56 44 8 88 69 80 87 848
53 62 8 88 49 78 60 74 1057
3 60 24 67 9 79 46 88 916
28 39 11 10 75 85 97 15 1021
47 2 52 24 99 51 31 69 201
57 7 45 89 24 11 11 84 598
55 46 64 34 6 69 36 38 1307
16 10 37 83 17 29 75 93 84
65 93 90 55 57 15 26 92 779
88 80 26 44 88 26 39 9 993
26 45 91 100 67 6 1 45 470
40 96 76 46 37 69 84 75 740
74 30 11 7 54 19 84 57 464
3 9 24 85 69 33 98 13 77
86 2 92 91 14 50 90 61 905
81 49 91 3 77 34 22 51 613
84 1 43 55 42 21 13 26 1329
70 42 90 56 91 50 97 52 204
89 17 64 7 69 29 38 26 793
65 79 82 38 47 91 45 43 469
25 82 85 92 77 86 82 25 313
9 78 81 14 78 27 43 79 1327
37 6 78 26 83 42 10 81 1024
37 12 31 12 86 46 2 35 498
3 33 77 52 11 82 15 6 680
57 7 24 26 54 53 89 72 1174
48 8 47 74 75 91 26 93 721
58 30 83 1 65 69 97 1 653
16 69 36 49 28 45 59 47 54
28 99 28 37 8 87 58 42 430
