8 50
38 63 72 29 35 88 90 2 1080
46 69 38 57 63 86 32 85 1187
36 93 34 93 67 9 49 13 826
21 57 33 1 84 29 66 65 1426
13 41 7 1 14 51 2 85 1158
8 50 28 35 8 72 62 63 685
43 27 36 8 70 95 61 81 1159
59 11 99 39 18 15 41 89 1379
75 68 70 92 68 54 8 12 1124
61 22 68 54 22 79 84 7 1772
29 63 94 25 81 57 7 77 1727
50 5 80 57 49 61 95 11 1780
34 95 54 93 17 93 47 87 1175
82 87 47 42 81 3 64 74 967
84 17 21 2 18 86 70 98 1056
28 95 35 65 73 46 29 60 1047
64 36 57 94 84 51 23 98 1511
99 21 96 23 96 34 100 34 1066
85 47 40 93 42 95 34 54 1228
13 10 68 37 86 68 33 14 1462
83 87 93 83 67 72 97 17 1750
24 72 96 25 84 13 48 9 1466
100 46 51 20 48 23 75 74 1585
47 86 32 51 24 15 97 35 1326
99 81 86 14 92 57 60 61 709
92 94 34 4 97 11 58 97 959
13 89 3 69 70 99 66 70 1973
25 34 54 45 54 72 36 65 738
10 26 71 4 28 98 97 100 1983
25 22 42 84 91 53 48 20 1508
28 49 51 26 74 43 6 67 1779
58 3 38 61 86 7 95 66 763
95 69 60 41 78 74 22 84 1645
61 90 68 21 90 58 22 77 1747
68 17 31 74 33 30 55 39 1181
47 84 73 34 94 83 13 9 765
21 67 45 41 16 58 45 11 1931
61 79 69 36 22 64 18 16 1753
46 47 92 65 87 97 70 44 1277
12 78 18 72 27 21 90 54 1978
77 83 63 53 84 14 34 31 1397
5 40 80 47 18 3 2 36 1527
58 75 56 47 16 99 34 88 1888
60 88 81 7 64 28 55 73 1708
35 86 29 27 96 61 55 74 1963
24 97 45 44 47 64 97 51 1781
88 42 98 68 100 52 95 61 994
17 63 82 11 95 73 31 86 1449
90 55 67 9 66 43 66 54 1194
40 88 57 73 45 59 60 24 1296
