8 50
98 10 61 5 57 63 79 79 1429
42 23 85 6 89 36 13 100 1253
28 97 37 1 69 71 60 34 1335
68 85 32 69 26 59 10 47 1218
49 23 66 37 100 61 90 16 1378
74 12 77 90 30 97 9 42 1217
50 88 52 35 44 66 65 75 1371
52 62 19 72 59 66 22 54 1175
68 20 50 47 9 11 32 86 1223
88 44 42 18 30 66 74 83 1277
11 81 6 99 44 94 42 62 1368
26 22 46 46 48 58 98 72 1473
34 53 76 3 38 72 57 95 1072
63 70 82 1 37 78 64 85 1301
52 82 34 71 45 61 38 7 1522
13 48 6 35 75 92 8 55 1221
48 51 20 67 80 58 77 27 1313
100 82 15 86 42 94 28 27 1506
29 39 16 5 54 88 97 2 1247
90 41 70 19 33 59 79 6 1369
62 50 34 76 63 9 69 16 1414
20 81 100 83 39 93 8 69 1496
90 41 12 48 21 98 23 59 1429
53 100 55 42 50 37 40 41 1265
80 25 83 58 87 23 68 15 1500
25 7 42 35 18 84 79 83 1204
67 20 27 80 28 97 53 3 1300
86 38 19 13 53 26 6 28 1209
61 25 10 77 52 85 3 56 1206
11 71 92 85 48 30 6 97 1237
75 75 41 80 96 17 78 40 1061
89 71 4 38 12 20 61 15 1228
19 73 36 30 29 6 100 55 1220
56 98 42 7 29 52 51 83 1151
56 18 80 94 13 83 54 59 1418
85 58 58 94 93 100 45 66 1486
48 2 59 43 27 87 13 9 1479
58 47 1 76 65 29 69 97 1287
100 2 50 33 38 7 2 37 1260
52 31 43 54 37 76 31 29 1389
1 16 57 46 90 23 26 32 1165
70 55 51 64 63 30 80 43 1061
84 83 34 5 69 92 65 56 1167
48 95 1 88 20 44 82 32 1056
50 94 86 61 98 60 77 18 1360
64 65 23 7 68 15 97 10 1435
71 97 93 22 36 3 51 22 1505
22 66 16 70 54 60 27 88 1444
50 20 44 82 3 74 8 13 1249
64 62 54 77 29 99 27 64 1105
