8 50
86 3 15 7 68 91 40 72 2244
79 100 19 49 47 56 88 63 2455
63 78 99 50 75 46 49 70 1891
46 12 65 59 65 83 26 29 2875
56 3 51 30 48 41 54 49 3091
66 30 53 78 99 7 29 55 2729
5 99 13 27 9 69 96 21 1662
93 56 50 47 100 12 28 83 1308
96 30 1 43 47 79 59 20 2409
8 33 70 8 100 35 39 95 1109
69 67 41 38 86 61 25 99 2693
36 9 11 8 28 59 8 7 1672
93 81 25 49 72 82 15 58 3052
54 62 40 21 57 35 99 28 1541
54 10 83 66 14 17 34 7 1246
79 3 40 84 48 88 97 96 1538
24 51 35 77 100 5 18 67 1388
40 65 50 86 59 8 59 66 2856
48 89 27 48 8 17 50 23 2390
57 99 81 36 97 44 26 13 1926
56 29 23 39 18 81 97 27 2066
61 12 64 90 97 4 100 89 3094
100 87 6 8 92 81 64 57 1256
27 20 93 47 91 46 93 91 2243
14 62 65 35 87 20 42 82 1247
33 45 2 43 36 46 2 17 1574
14 53 70 22 31 10 6 90 2682
100 15 50 19 81 58 93 66 2007
81 98 17 17 75 44 78 83 2456
69 23 28 7 51 74 78 69 1708
81 61 16 49 29 16 31 74 1424
17 95 76 6 28 24 90 46 1916
98 73 88 56 21 21 66 83 1649
1 43 58 64 23 37 70 38 1058
22 49 93 43 98 85 95 65 2923
38 68 77 49 99 33 76 39 2993
93 92 32 46 9 61 24 70 1670
84 55 20 80 40 94 92 84 2889
44 49 31 34 88 55 90 50 2646
82 34 6 44 3 84 79 56 1837
53 82 86 65 28 22 78 72 1110
35 9 94 75 29 85 50 39 2547
48 87 76 15 62 69 36 26 1330
25 90 67 71 23 22 23 51 2289
59 99 71 10 10 72 14 49 1822
57 49 9 59 62 59 22 3 2638
58 17 86 90 54 51 85 89 1963
69 59 80 29 48 34 32 70 3104
10 64 22 100 22 57 86 69 2550
79 14 7 58 48 79 78 11 2120
