8 50
35 80 37 92 41 34 60 5 2639
83 23 16 17 87 57 98 77 1327
85 37 5 93 91 25 3 65 2729
35 77 17 79 56 93 52 58 1242
17 40 46 55 17 10 32 6 1819
96 97 57 87 77 26 68 73 2702
16 55 73 23 89 24 37 93 1855
18 46 94 50 86 85 57 11 2110
31 53 7 46 57 48 58 96 1658
75 55 65 63 61 39 61 80 2318
87 45 57 9 69 12 72 86 1576
39 30 38 41 99 6 56 3 1546
97 76 64 57 14 81 97 62 2237
28 36 18 5 24 69 45 79 2700
45 17 89 98 37 95 80 49 2523
49 34 99 87 46 50 55 13 1581
93 99 14 95 15 20 4 90 2796
50 4 42 89 90 35 92 84 2750
67 39 90 96 73 56 70 83 1095
57 85 15 43 56 95 53 63 1954
58 4 27 61 61 21 5 70 3101
97 56 48 46 90 33 2 51 1140
48 41 26 93 98 91 80 67 1803
99 11 1 16 32 92 85 7 1504
82 3 1 3 91 52 19 95 1605
15 47 23 93 97 71 75 70 2974
81 81 15 66 8 73 47 44 1769
62 97 88 67 83 38 85 2 1841
86 34 38 25 90 26 34 61 2573
5 25 45 71 90 70 80 67 2511
9 15 51 79 70 89 75 61 1080
62 89 94 44 25 8 20 75 3040
9 99 64 83 45 34 70 36 1512
62 71 69 65 90 93 79 3 1536
69 21 52 11 61 99 1 3 2394
72 34 14 47 49 22 86 60 1625
84 94 49 52 21 77 79 87 1253
67 23 99 58 56 16 38 46 2840
57 45 81 4 32 80 23 58 2158
88 65 28 28 52 13 47 55 1356
66 41 15 98 54 70 45 88 3136
31 20 23 9 57 60 19 32 1130
56 23 13 8 40 51 79 18 1351
61 84 64 62 73 87 99 34 1426
36 26 33 67 55 69 84 81 2942
52 19 9 1 36 92 52 65 1984
42 53 46 36 16 40 100 6 3036
36 82 66 42 25 70 38 67 3027
97 28 19 96 9 46 12 43 2873
51 50 77 7 43 52 64 52 2135
