8 50
67 18 35 11 58 28 30 28 1961
20 49 74 52 92 65 69 58 1927
55 94 19 90 97 99 100 51 1989
6 80 48 24 25 54 93 79 1782
31 85 82 54 67 33 76 52 1974
92 48 17 86 8 28 95 4 2110
20 90 4 30 59 75 47 70 1964
15 50 61 37 73 49 25 6 2090
81 95 97 42 43 6 43 13 1959
80 50 38 31 63 82 76 18 1800
13 25 7 83 31 16 15 95 1876
20 82 52 88 58 11 89 37 1935
5 82 8 42 69 20 46 59 1911
63 2 17 70 71 23 40 7 2099
4 25 23 4 37 74 68 17 1908
63 32 45 30 11 41 79 39 1998
49 88 30 67 9 12 2 63 2101
53 36 54 93 15 51 51 72 2210
89 93 91 22 14 1 77 53 1842
18 72 84 27 40 1 96 40 2200
23 15 37 64 4 80 99 53 2083
87 32 68 97 28 94 76 68 1806
90 16 74 41 8 13 80 79 1869
56 90 96 10 34 89 8 93 1909
98 6 79 26 5 26 29 16 1955
95 82 69 89 20 84 20 8 1755
25 32 89 72 78 62 87 26 2242
70 54 35 23 56 31 54 6 2128
75 21 69 84 12 17 83 97 1794
40 66 15 46 78 81 23 96 2191
9 92 72 68 25 96 75 50 1861
18 16 67 15 18 57 44 78 1996
45 71 35 75 66 84 95 27 2243
75 76 51 23 35 45 61 27 1985
83 32 11 20 67 63 60 64 2037
22 44 85 10 9 94 20 66 1815
32 14 25 15 85 89 95 35 2127
18 20 45 46 69 4 82 85 1822
82 100 45 61 27 75 93 72 2129
94 54 29 71 60 34 99 17 1956
53 25 74 87 40 31 20 69 1908
80 91 81 15 35 15 1 15 1757
70 96 8 98 45 81 64 33 2253
9 47 94 71 83 33 65 68 1868
18 28 3 20 36 38 10 100 2253
1 59 66 7 65 68 39 81 2171
7 100 10 12 2 55 95 68 2138
71 33 66 85 2 83 74 15 2069
1 28 88 49 63 2 8 92 2141
82 81 25 2 8 89 85 74 2147
