8 50
95 33 74 22 83 95 20 63 601
92 87 56 20 13 97 13 9 471
64 54 65 9 51 47 60 1 569
66 66 1 84 79 46 5 64 178
75 12 30 31 36 74 6 51 391
68 14 38 91 1 62 37 95 13
89 8 42 14 57 56 49 86 331
100 73 47 7 93 11 68 15 607
16 74 13 62 64 12 56 18 831
67 48 95 86 86 62 18 66 613
21 100 76 21 53 26 64 69 886
58 30 2 71 51 47 77 72 24
3 35 97 75 75 47 88 64 676
50 38 96 92 100 96 81 78 71
50 12 53 69 84 80 59 55 1062
95 68 92 22 38 26 35 5 976
72 76 44 17 16 22 19 93 687
64 66 62 82 78 77 80 55 955
60 83 39 84 69 54 85 49 1024
88 83 59 61 45 66 81 59 264
18 100 93 58 12 65 69 44 436
14 75 87 84 32 59 36 24 39
24 86 84 8 33 61 58 89 1156
5 96 25 40 37 61 21 14 775
62 7 35 84 22 45 87 95 619
95 33 57 10 16 80 38 19 1154
41 16 87 6 44 27 94 87 147
1 26 32 99 21 22 90 18 192
11 94 44 68 87 9 87 24 414
96 5 35 28 87 20 68 6 795
1 1 60 62 9 23 73 93 417
61 17 34 65 42 98 56 59 643
34 15 7 5 82 17 19 80 206
61 85 64 89 16 1 48 90 181
45 26 99 11 40 62 43 57 603
24 10 69 84 88 88 55 56 344
23 25 28 9 92 6 25 83 399
89 28 10 66 72 61 92 10 374
15 41 84 11 63 38 84 64 1010
51 40 56 86 86 32 51 38 342
57 69 27 10 77 23 55 20 509
40 47 84 51 6 80 18 12 656
35 25 7 72 4 90 40 75 157
66 71 31 60 73 50 45 65 502
44 53 72 65 68 64 84 53 1054
32 88 42 24 40 16 73 74 714
25 47 12 23 99 98 55 79 204
12 60 78 41 88 75 67 69 854
81 48 80 78 74 66 23 40 696
34 90 96 17 2 75 4 82 638
