5 50
50 70 34 41 86 75
72 25 81 45 34 1201
36 28 33 68 50 538
100 1 89 6 3 524
34 76 5 16 96 341
72 82 18 63 29 488
21 92 8 54 60 770
85 34 21 13 7 518
20 31 30 90 40 967
20 53 47 12 7 362
44 65 33 29 88 113
98 46 44 48 87 1052
58 26 61 56 35 1477
39 39 44 21 8 122
23 43 86 100 91 1141
93 16 60 89 77 127
74 9 31 86 23 922
24 62 14 95 95 28
62 48 82 31 17 1203
76 38 90 64 100 497
59 21 90 81 97 1358
16 6 26 46 32 326
48 73 35 45 11 1355
55 80 89 37 61 1417
49 73 46 52 31 165
80 9 21 70 41 1249
29 57 89 60 99 895
90 77 26 69 7 1326
41 64 42 21 49 1031
94 95 27 76 69 1126
42 42 92 87 60 1361
12 65 57 9 66 757
97 53 30 81 14 615
77 90 74 64 72 199
6 8 5 96 5 1103
85 58 39 68 8 1084
80 18 61 2 83 796
79 38 64 69 62 877
40 28 94 94 73 1071
89 31 4 23 48 738
44 65 82 93 39 1214
88 88 2 9 58 1166
50 98 19 13 61 833
89 26 58 43 31 736
58 11 52 30 49 521
57 28 28 30 26 678
41 33 8 77 1 1363
16 69 12 62 16 230
63 98 97 54 13 922
10 100 98 73 33 1010
