5 50
85 89 20 74 84 437
39 37 45 71 26 487
11 58 73 63 31 291
14 30 86 87 72 627
67 52 6 38 46 446
98 68 14 20 32 509
68 15 40 40 17 344
79 22 17 58 23 648
80 90 29 93 64 520
47 53 69 14 94 723
22 39 31 69 94 670
27 82 35 90 78 443
34 60 6 81 36 680
39 45 4 54 31 316
26 45 48 59 32 526
85 70 81 77 5 711
51 40 24 12 64 473
54 81 37 32 66 719
72 36 30 23 38 490
90 16 76 19 33 530
79 33 19 80 34 445
77 71 6 39 14 617
47 56 72 18 10 463
10 51 15 5 51 604
64 86 19 72 58 589
43 12 77 100 44 496
89 77 65 19 63 275
67 43 25 36 18 322
80 76 54 26 21 358
19 61 35 34 8 363
84 65 55 91 35 425
57 90 61 35 52 360
24 68 73 100 68 529
73 8 87 21 13 717
49 70 96 16 52 370
26 90 99 36 15 432
24 41 27 49 91 285
41 63 55 24 34 703
1 60 65 70 28 498
28 77 91 52 95 686
66 19 7 73 52 317
99 39 77 12 14 664
22 71 18 99 30 517
8 7 64 17 56 258
27 32 52 27 14 508
40 46 75 7 85 358
51 21 82 17 38 587
25 6 35 40 3 476
66 52 14 11 46 490
88 73 93 44 84 462
