8 50
56 62 92 64 59 14 78 32 2146
94 18 58 15 3 7 35 73 2303
22 75 26 14 97 82 62 88 1866
86 56 70 55 28 13 97 13 2309
85 39 38 20 47 27 46 61 1886
38 50 78 71 94 35 35 67 1915
2 34 5 4 100 50 96 18 2301
17 58 25 35 99 85 48 30 1859
65 88 25 44 63 21 9 95 2289
71 77 13 84 71 32 29 48 2033
76 28 82 23 98 55 4 46 2148
69 82 96 69 12 87 97 54 2309
60 77 13 75 83 59 33 86 2025
92 49 4 60 78 65 58 17 2139
77 85 32 66 65 12 59 74 2236
30 24 85 69 54 83 73 17 2296
37 93 27 67 2 45 100 86 1812
43 74 87 18 10 32 11 1 1954
41 90 91 76 19 82 48 68 2110
92 67 94 63 67 15 54 47 1823
33 17 18 91 37 24 69 43 2249
98 17 88 94 53 41 85 95 2057
39 19 27 51 5 60 67 62 2099
78 92 14 95 41 92 27 41 2133
56 53 34 31 92 80 76 42 1868
70 34 1 9 41 9 60 29 1971
17 71 1 66 51 19 93 54 1851
90 98 33 25 25 69 92 57 2219
50 96 15 87 19 40 70 61 1927
39 4 77 93 31 28 54 94 1972
81 35 69 13 72 39 13 7 2024
58 10 4 29 83 72 26 88 2226
59 62 98 11 61 69 42 49 2157
24 31 64 99 99 93 69 17 2252
16 58 77 100 70 39 23 17 1853
51 12 70 63 3 69 52 94 2284
2 96 46 35 48 74 97 82 2268
47 77 71 23 72 9 48 88 2096
74 13 7 83 99 48 4 80 1835
45 75 4 68 88 1 3 32 2318
96 30 20 39 58 4 17 9 2314
66 91 33 82 36 55 16 66 2231
7 28 98 2 36 65 7 24 1980
47 95 40 98 31 84 89 24 2304
33 55 38 55 28 79 96 36 2168
74 52 18 70 89 16 40 39 2107
6 86 18 77 73 99 100 73 1921
71 30 40 59 13 41 36 60 2030
5 20 19 27 46 62 74 9 2176
3 90 51 69 56 88 64 27 1832
