8 50
100 55 7 47 32 75 28 52 1322
85 54 11 18 62 69 24 75 1502
80 48 34 15 36 93 3 66 1358
29 46 22 9 84 51 43 55 1472
26 52 38 33 23 76 89 10 1307
33 87 83 13 38 29 53 63 1434
98 47 32 74 54 73 7 82 1038
97 57 6 2 9 72 51 62 1084
94 10 72 34 51 83 98 83 1259
52 55 13 48 98 53 91 61 1461
92 91 33 79 63 33 87 94 1337
45 44 68 98 39 97 2 83 1112
10 27 18 57 85 21 79 24 1228
13 31 40 56 70 22 96 23 1339
60 53 42 45 5 31 23 53 1183
43 43 30 23 91 91 90 85 1372
55 52 8 93 14 49 37 47 1357
94 10 36 51 66 87 71 2 1343
64 97 22 38 13 35 40 39 1458
3 77 78 83 8 94 90 8 1270
13 32 36 48 7 8 19 2 1425
41 81 98 99 86 8 28 87 1494
73 46 65 37 3 19 77 68 1507
75 63 55 32 81 85 87 52 1455
35 65 28 9 63 5 49 3 1260
35 20 53 11 49 19 24 92 1153
91 13 27 6 78 96 47 20 1089
41 40 70 9 21 52 11 85 1099
10 75 67 16 25 61 100 96 1145
64 94 89 51 28 26 98 71 1359
58 33 89 57 96 88 77 75 1277
23 37 90 65 97 88 5 39 1140
99 79 34 85 28 99 87 91 1475
47 63 86 94 15 45 26 71 1220
85 67 30 82 99 91 71 77 1105
43 10 79 70 93 97 53 82 1493
28 17 67 88 57 21 2 70 1037
46 77 25 2 22 97 5 7 1459
86 66 19 25 84 77 77 2 1196
61 2 62 43 81 86 56 43 1360
97 16 73 6 20 64 18 8 1490
87 73 9 82 49 45 69 93 1349
43 39 90 79 67 52 92 63 1394
43 13 58 16 52 40 89 52 1196
40 96 45 41 9 78 18 44 1447
3 18 39 94 79 95 69 76 1080
9 17 73 50 15 3 87 66 1219
87 72 47 37 20 46 5 38 1253
63 39 45 6 67 51 30 24 1194
94 98 42 10 18 20 62 68 1417
