5 50
2 14 83 47 100 1482
42 67 65 57 65 2908
80 70 60 10 67 2171
33 8 43 73 9 1646
32 93 18 70 41 1153
5 70 40 50 5 1287
19 49 100 11 87 2579
45 59 39 22 51 2093
17 20 39 49 30 2346
26 31 18 12 85 1364
84 35 8 15 6 2002
60 20 45 8 29 2272
14 71 58 100 45 2627
88 35 8 98 1 2592
37 71 54 21 34 2398
52 86 72 86 12 2988
47 33 50 2 64 1172
78 95 68 48 59 1563
68 68 80 39 7 1568
79 97 23 74 21 2290
25 63 29 21 96 3082
38 84 90 56 35 1130
99 70 6 5 48 2024
74 68 72 92 66 1745
38 33 77 99 48 3070
69 39 94 43 37 2515
9 94 96 12 94 2486
13 71 43 27 35 2798
77 89 47 60 43 1601
51 78 43 68 14 1402
10 35 100 25 88 2261
93 31 44 65 38 1075
77 49 68 34 83 2523
25 99 68 75 82 2935
60 88 71 88 10 1670
59 15 96 31 98 2721
60 72 73 70 12 2337
97 40 82 91 33 1096
6 9 22 85 70 2041
42 43 94 53 53 1309
100 97 2 12 12 2202
49 43 58 79 64 2400
20 86 56 66 8 2622
75 16 45 70 91 1708
42 24 86 54 30 2115
71 23 48 10 67 2500
71 77 38 6 33 2838
31 82 100 47 57 2594
22 19 17 84 84 1495
72 84 35 22 71 2805
