5 50
69 83 40 90 46 1280
5 8 87 96 16 1472
43 46 75 71 87 991
56 92 3 23 15 1127
17 24 54 33 3 1205
59 50 98 2 90 1351
34 22 12 74 44 1093
59 66 91 17 29 1239
59 97 26 38 37 1237
41 23 60 45 37 1226
14 65 78 65 98 1299
79 93 74 32 96 1238
71 80 34 27 92 1341
79 34 11 75 81 1301
98 4 45 55 1 1438
88 6 77 68 52 1400
2 47 27 19 52 1348
98 57 21 1 6 1201
67 99 79 96 43 1086
15 64 59 92 60 1300
5 7 78 87 22 1095
35 26 91 91 43 1341
52 65 7 20 78 1126
11 52 15 57 16 1392
4 47 63 85 35 1046
11 99 61 60 35 1197
72 99 12 17 74 1239
23 73 79 55 32 1435
95 56 57 82 17 1132
16 61 40 85 20 1139
68 35 21 25 95 1249
11 73 79 96 45 1239
93 65 63 22 21 1042
75 18 36 26 1 1189
53 87 50 10 17 1265
85 98 55 95 56 1025
84 69 19 51 52 1030
68 9 35 87 74 1061
43 60 54 39 25 1133
45 11 94 66 21 1404
17 7 48 86 17 1200
51 22 70 65 61 1453
75 3 12 98 25 1073
47 9 100 87 69 1111
5 14 8 66 75 1296
75 18 4 26 100 1039
26 78 99 7 8 1041
56 15 41 44 2 1391
39 18 66 83 25 1105
28 88 48 49 13 1014
