5 50
67 38 97 47 28 2576
28 62 98 92 82 1776
78 26 36 59 62 2513
79 86 98 27 43 1950
35 24 75 55 29 1717
50 20 94 23 51 1575
45 5 73 73 90 1682
36 43 69 98 64 1863
47 15 24 54 47 2525
91 39 19 7 84 2632
25 60 7 91 93 1841
39 73 88 28 14 2617
100 3 53 97 65 2485
33 56 91 41 60 1961
21 97 95 64 64 1498
21 95 91 8 76 2305
76 84 85 42 69 2235
8 70 35 54 13 2086
26 7 53 30 1 2100
93 56 74 87 27 2075
30 100 21 13 76 1918
80 67 36 8 100 1799
1 41 38 33 13 2370
86 63 86 40 96 1990
96 41 56 79 92 1820
2 81 37 100 85 1883
10 53 14 7 43 1986
71 64 79 77 99 1953
43 40 6 79 27 2568
3 26 44 88 47 1657
92 21 34 25 92 1535
26 89 65 73 82 2391
35 84 27 33 90 1785
44 19 39 57 77 1847
38 69 51 53 95 2399
97 14 30 71 60 1876
41 98 98 11 84 2566
75 16 1 70 53 1994
9 88 41 57 100 1900
54 17 59 97 90 1793
54 54 30 95 8 1767
94 27 8 20 82 1619
2 100 77 27 18 1994
13 2 77 73 47 2550
33 41 76 86 72 2238
90 70 96 52 80 2607
49 40 40 26 36 2084
16 59 98 84 32 1657
40 27 73 23 48 1629
38 99 77 97 41 1545
