5 50
23 70 91 50 20 2034
4 79 45 80 86 1970
77 62 44 36 72 2120
99 95 37 69 60 2105
52 84 58 87 93 2185
46 88 29 58 89 2093
22 61 53 16 83 2282
62 20 85 30 9 2212
34 98 16 84 29 2303
1 29 65 44 26 2200
70 62 67 54 90 2270
93 67 37 4 98 2013
56 84 33 97 84 2393
73 11 65 97 58 2355
60 2 94 84 95 1904
75 94 71 12 17 1934
25 89 26 88 72 2172
49 86 7 83 22 2316
13 78 25 28 82 2307
79 82 93 41 80 2261
72 23 59 88 28 2050
30 3 28 50 32 2257
92 4 63 48 40 1902
58 30 27 57 50 2074
81 72 22 70 45 2138
83 84 92 29 28 2394
9 58 91 33 65 2323
2 80 61 67 26 2424
5 51 94 41 62 2007
18 17 15 5 62 2356
72 9 46 59 8 2143
36 89 88 8 56 2047
17 62 57 36 96 2300
18 39 92 43 97 2045
81 10 64 75 63 2089
57 32 15 65 91 2397
18 12 51 85 41 2389
18 51 32 57 35 2411
6 66 81 80 59 2429
45 91 96 93 8 1946
16 59 75 12 57 2088
6 61 84 35 91 2185
28 47 88 83 33 1931
49 6 23 99 97 2148
43 95 86 95 1 2187
60 96 70 6 62 2341
94 11 79 65 18 2123
87 11 87 72 61 2032
74 58 54 31 91 1994
97 12 50 93 5 2219
