5 50
68 60 98 43 52 1065
48 33 76 26 36 188
18 59 73 7 52 887
46 31 80 6 43 894
81 4 6 45 44 756
42 83 79 2 40 356
23 12 51 90 99 945
58 84 65 18 79 413
83 46 16 97 80 1131
14 32 65 72 44 1023
45 35 84 97 94 1411
35 84 59 47 47 1106
100 93 6 75 35 1427
58 1 65 3 60 1072
37 14 24 48 56 615
17 64 63 40 59 866
34 22 32 2 9 446
61 23 70 52 4 1128
97 60 68 8 32 1377
61 73 45 20 2 1378
20 92 54 94 8 651
30 3 41 8 25 1395
11 2 41 67 76 1428
12 69 81 33 20 429
31 82 6 22 40 959
36 1 88 64 38 322
18 39 21 71 52 1056
77 45 17 4 63 1149
2 33 13 24 7 1396
67 92 69 48 97 1098
60 34 26 41 89 695
77 20 22 78 58 1184
98 98 37 79 20 591
1 51 8 33 45 1248
79 38 100 7 75 479
31 94 57 80 9 379
34 40 69 49 62 688
100 11 61 86 98 382
23 54 13 28 96 795
54 74 7 95 80 1439
53 21 33 85 63 800
26 84 17 56 6 1434
12 65 14 67 83 398
79 13 23 74 47 37
81 54 18 7 39 890
69 60 99 7 9 489
21 63 45 94 41 480
94 87 59 56 53 862
27 29 77 35 18 1098
90 58 90 43 11 886
