5 50
9 34 6 12 100 1436
76 52 67 52 11 1313
21 72 42 8 50 1135
3 78 90 43 4 1084
90 64 91 67 71 1258
32 69 30 53 52 1058
12 51 27 69 63 1394
55 47 40 5 69 1045
19 64 92 88 91 1339
27 28 73 17 100 1294
83 71 23 77 39 1343
83 96 6 88 22 1442
46 57 86 32 74 1524
16 88 100 8 92 1090
38 58 36 71 65 1074
67 42 88 77 63 1410
50 62 56 11 63 1078
26 72 69 65 57 1400
76 69 7 98 3 1295
77 90 43 82 9 1044
48 25 97 31 61 1356
96 7 69 64 69 1143
1 48 96 32 52 1114
7 17 21 18 73 1465
60 62 78 3 65 1153
45 3 57 48 26 1492
27 18 78 36 88 1432
51 74 20 3 96 1436
11 5 40 33 8 1390
14 16 20 65 37 1334
36 98 27 6 23 1120
63 59 40 94 73 1364
11 97 95 8 54 1361
47 28 32 18 37 1151
25 27 10 36 37 1104
78 32 28 11 45 1312
3 87 95 5 42 1040
59 89 62 41 85 1386
88 77 8 32 76 1481
99 41 20 100 14 1277
96 93 65 76 2 1051
99 41 98 42 79 1084
91 59 36 73 95 1525
81 71 75 80 87 1282
8 18 1 83 25 1027
28 81 50 86 42 1391
90 62 11 47 67 1071
3 5 96 36 2 1070
74 81 90 41 83 1488
72 76 67 12 89 1188
