5 50
96 63 2 76 71 2108
53 66 42 81 10 1421
26 89 37 28 90 2035
49 53 37 9 63 2518
52 27 29 44 57 2248
75 63 98 8 49 1264
50 23 55 71 93 2002
94 31 90 69 21 2744
81 45 67 4 7 1857
72 2 43 31 60 2963
67 60 94 55 66 2847
53 81 7 48 81 1107
72 57 81 28 67 1312
56 48 51 93 23 1192
69 43 22 79 7 2741
64 80 35 45 83 3029
22 91 66 87 33 2840
76 11 14 79 20 1291
12 19 96 33 64 2182
95 6 16 72 39 1761
48 78 87 36 14 1197
11 13 32 56 4 2697
53 99 92 87 93 1828
36 10 98 31 54 1286
98 91 54 3 79 1174
95 26 36 66 100 2216
36 56 48 13 34 2641
21 48 56 21 16 1308
72 1 76 17 27 1685
22 8 84 91 64 1175
84 58 8 81 51 1914
94 21 36 83 21 1857
17 80 89 16 48 1751
25 46 50 64 87 2210
13 1 58 20 30 1145
57 89 60 16 82 1158
17 92 82 41 88 2551
36 87 2 53 84 2407
12 20 53 76 23 1234
10 2 82 53 33 1324
18 92 43 54 48 1208
90 52 65 60 87 1477
25 58 89 96 35 1217
79 70 88 85 78 2683
41 2 45 61 44 2347
67 65 7 61 83 2454
1 12 82 50 3 2522
15 4 43 69 87 1395
3 1 86 21 9 2293
33 100 9 98 95 1169
