8 50
32 50 25 39 73 14 83 40 1255
3 23 90 65 12 66 98 89 2258
94 14 46 40 58 42 79 84 701
74 1 56 93 80 32 79 49 687
32 56 63 36 18 17 99 20 1218
71 62 13 40 58 98 86 22 1488
68 94 94 83 72 79 99 90 561
49 35 75 43 56 59 21 33 547
30 76 19 65 26 3 82 50 1111
39 29 9 62 49 90 41 86 455
44 80 76 21 25 20 27 37 523
40 97 58 11 17 8 13 100 2211
67 42 22 7 57 19 16 65 1048
23 31 78 86 97 96 28 94 2208
39 16 58 56 9 43 74 45 1511
51 58 90 29 59 45 39 62 1970
65 6 4 49 36 15 14 29 1898
87 66 92 21 83 2 45 57 1971
19 29 77 99 15 1 81 91 1912
74 71 99 10 10 78 38 59 582
65 7 40 24 53 9 72 34 581
47 80 66 45 17 34 76 43 374
97 37 12 71 1 13 8 14 1192
81 81 20 5 66 17 6 60 1292
56 7 46 78 65 58 49 37 1559
67 42 88 88 76 18 97 16 1414
38 6 49 7 54 41 74 51 1813
60 77 62 82 51 73 64 92 637
76 80 79 1 93 54 58 17 870
92 72 87 54 37 19 7 73 1341
52 25 12 19 98 7 55 97 1043
15 10 4 17 57 29 24 79 1660
79 59 35 61 60 93 38 18 1913
16 77 99 93 7 36 62 33 580
37 38 38 31 86 12 84 8 863
31 47 7 35 44 70 89 42 782
31 95 85 4 49 74 18 45 2249
84 19 67 67 93 43 11 44 1447
99 36 67 80 36 88 89 36 1079
10 75 99 3 100 52 16 92 1719
86 62 74 88 82 99 18 65 852
57 44 76 15 69 42 58 86 579
32 37 14 77 33 39 81 98 1077
69 99 83 97 81 66 25 5 677
11 82 54 80 10 38 81 39 1336
5 53 17 90 6 46 30 64 1783
79 39 67 47 29 4 33 33 1457
41 15 39 10 44 74 87 18 1752
53 32 16 97 81 100 7 89 596
90 98 55 19 8 67 16 46 254
