5 50
73 36 6 30 63 1840
3 50 30 17 56 1826
27 62 45 24 22 1961
19 11 42 73 42 2228
52 77 59 72 100 1850
34 73 68 96 91 1866
16 32 58 64 52 1854
49 64 71 1 59 2124
23 7 56 56 69 2217
32 60 29 50 79 1882
9 98 68 16 92 1935
95 32 87 93 92 1829
18 75 54 3 44 1956
11 1 3 7 19 2255
59 7 23 47 38 2067
99 28 59 87 87 2050
41 79 68 21 32 1897
75 30 16 38 53 2169
10 98 92 53 29 1819
1 86 38 68 65 2216
23 79 57 17 21 2245
89 60 53 31 67 1851
65 62 28 66 2 1860
84 58 42 59 60 2161
26 60 28 57 26 2219
97 15 69 84 35 1825
75 71 37 99 40 2218
67 34 43 79 35 1769
13 5 76 69 36 2052
63 31 83 17 25 1805
56 65 21 68 59 2189
33 50 64 70 87 1805
19 24 76 44 4 2104
12 10 13 53 55 1882
91 88 75 70 22 2195
26 95 92 78 1 2131
45 12 81 71 86 2217
37 46 48 30 24 2120
7 81 78 27 64 1918
29 4 92 55 84 1889
86 31 60 78 7 2101
40 25 57 55 45 2102
73 82 39 71 50 2067
94 34 59 6 79 2166
90 31 22 44 29 2199
66 66 1 81 4 2088
81 16 82 49 86 1801
61 31 45 93 99 2102
72 4 46 27 54 2055
91 94 56 20 58 2228
