5 50
27 12 23 12 28 133
5 76 94 64 44 35
44 50 97 90 96 189
10 14 23 91 71 789
32 92 73 13 47 912
12 64 28 1 42 702
6 57 30 73 31 479
38 2 91 89 3 623
60 61 13 53 11 1070
84 100 44 42 4 269
98 84 59 93 98 389
47 55 94 18 6 771
76 16 96 93 96 524
28 88 4 3 36 561
12 88 91 80 46 304
69 82 7 9 52 34
63 43 42 68 25 164
77 72 65 84 26 418
42 70 5 35 60 777
11 88 46 5 33 567
15 45 20 5 46 163
94 84 62 82 68 895
60 43 87 13 23 593
84 81 13 20 51 14
80 18 17 66 74 199
48 40 56 85 74 1077
39 17 58 81 89 562
26 70 5 81 24 425
22 63 87 35 4 619
30 19 18 52 56 420
28 65 12 26 6 66
4 48 98 32 58 441
92 97 89 76 23 1038
29 51 39 84 21 794
72 15 48 79 53 366
70 91 17 20 28 293
62 55 46 24 100 723
47 45 58 55 18 940
62 31 29 75 35 269
34 72 65 71 16 57
75 26 34 63 6 792
61 14 98 48 71 197
62 32 74 81 18 284
18 19 17 19 6 424
30 32 20 1 72 16
7 33 43 67 56 68
40 42 74 6 54 76
56 85 44 91 89 242
27 95 87 52 54 202
95 14 60 63 11 979
