8 50
62 12 30 33 13 9 5 74 2232
36 94 26 55 63 10 94 13 1481
41 88 76 82 12 13 93 57 1704
99 68 92 73 13 97 18 60 1477
8 16 48 26 87 83 37 44 1891
80 19 85 29 48 32 62 62 2302
64 69 14 32 12 34 37 24 2252
38 13 5 30 17 38 100 79 2448
54 26 21 8 51 36 80 34 1556
26 76 94 63 73 51 92 92 1692
63 22 52 5 89 5 62 2 2525
83 43 60 67 72 4 8 51 1805
73 90 61 72 92 4 24 34 2101
60 40 48 21 65 6 56 15 1496
96 41 64 63 73 63 12 51 2109
86 60 32 44 32 55 18 40 2559
69 79 40 22 16 90 37 5 1716
100 43 8 19 73 46 71 44 2310
85 78 89 23 10 19 9 27 2080
69 24 61 97 7 26 87 70 1600
53 25 95 83 13 15 61 68 1497
67 11 60 53 65 27 64 53 2304
27 41 24 46 6 94 87 18 2378
23 24 83 51 90 58 14 37 1918
3 49 53 57 96 98 90 45 2057
57 89 86 35 61 8 71 20 2309
50 65 63 78 79 11 93 80 2138
7 36 95 72 28 66 76 65 2113
69 63 38 66 97 3 56 58 1546
62 52 98 62 69 62 45 52 2563
90 70 93 81 5 75 16 33 2359
86 59 52 49 23 43 96 46 1920
68 34 3 76 100 4 5 26 1673
17 94 99 8 16 28 13 88 1464
82 73 30 65 14 58 58 97 1786
60 18 6 83 61 49 74 68 1428
56 23 27 41 45 43 63 100 2632
87 99 89 34 15 94 47 38 2053
67 46 86 88 84 75 33 56 2541
33 60 74 56 83 91 54 55 2108
93 46 18 28 19 4 66 34 1724
49 48 96 49 2 50 100 37 1589
21 48 66 93 85 15 1 63 1682
76 58 27 2 49 45 29 96 1715
38 10 81 17 3 48 24 43 1734
5 5 9 7 61 94 99 25 2572
92 100 38 36 3 41 60 64 2519
35 75 5 3 71 32 66 41 2047
57 79 78 7 25 43 67 43 1968
3 97 79 86 100 98 20 2 2051
