8 50
78 60 92 22 29 66 6 58 2112
96 62 75 77 8 55 95 44 2547
60 41 68 75 33 92 34 59 1635
14 78 60 86 18 69 7 64 1926
87 36 17 4 83 4 87 75 1716
17 46 75 62 82 67 81 46 1440
8 42 38 63 98 42 57 62 2540
74 11 66 88 36 6 16 17 2599
63 52 68 13 5 22 14 93 2543
90 11 46 90 69 14 91 99 2645
46 71 46 40 95 35 11 9 1522
2 46 32 95 55 77 58 57 2406
66 92 83 59 63 37 100 31 1467
12 62 36 100 42 75 42 36 2292
72 8 80 36 56 77 79 37 1521
11 95 37 89 56 2 72 16 1822
88 95 64 28 80 37 68 43 2137
14 22 94 80 25 71 1 87 1746
76 56 18 65 29 76 57 83 1431
54 33 25 1 75 2 46 94 2332
29 62 7 94 2 17 55 48 2293
70 44 91 70 62 29 8 86 2135
95 75 6 26 49 83 22 45 2000
49 52 32 43 63 45 45 55 2060
20 48 34 44 55 49 72 30 2555
14 35 63 90 80 50 20 91 1450
97 50 80 26 41 55 93 61 2151
88 42 27 11 62 66 11 59 2270
34 34 31 14 24 78 79 6 2683
24 28 38 44 33 10 100 36 1560
85 57 6 63 13 24 98 94 2287
65 12 33 81 62 46 66 2 1468
11 55 45 24 9 56 12 22 1928
77 11 9 48 55 92 92 79 1533
5 27 46 80 61 92 82 75 1427
10 29 75 13 80 4 78 12 2514
27 8 85 5 66 74 88 95 1531
24 31 27 70 35 53 85 82 1745
99 85 87 1 65 78 64 70 2621
56 87 67 83 12 33 54 82 1951
30 77 18 11 71 65 62 5 2490
16 57 73 62 84 88 78 68 1642
16 78 46 34 28 96 76 42 1895
7 66 55 48 77 37 86 2 1566
35 37 8 5 83 36 43 65 1792
4 84 57 21 64 69 15 97 1997
8 43 2 71 40 43 63 51 2035
35 39 79 14 85 87 38 98 1479
63 57 83 4 87 36 41 49 1412
18 97 81 61 21 78 20 93 1968
