8 50
14 64 14 2 3 75 22 10 1522
84 66 50 95 97 84 17 68 1890
56 39 59 87 60 2 97 41 1564
10 96 50 13 58 87 68 83 1643
25 28 35 12 57 84 11 96 747
98 30 32 82 60 68 71 10 1195
72 95 11 49 96 83 57 94 1461
17 94 19 14 55 71 34 49 1238
12 94 55 9 33 10 39 86 1537
57 3 15 46 82 66 67 11 1034
45 14 29 55 97 12 40 92 948
95 56 65 60 84 21 98 70 1909
88 55 54 13 98 4 16 49 1098
55 34 19 24 79 58 81 70 1533
6 51 30 52 79 65 52 90 1033
7 48 24 35 88 26 48 45 684
72 3 79 65 52 98 68 24 1254
28 97 95 75 60 13 76 24 1476
99 68 30 45 87 30 43 80 1511
98 65 36 12 8 60 87 83 961
32 63 19 33 19 40 45 92 1016
26 41 4 20 28 77 2 52 673
49 52 85 30 96 15 90 100 1757
55 99 77 87 42 12 77 32 1832
81 89 31 40 20 27 13 8 1277
11 7 75 66 47 79 93 39 765
54 95 18 90 39 8 21 55 1800
78 10 26 15 88 87 60 83 1159
74 39 36 67 38 37 60 33 1262
19 73 33 14 46 32 70 13 1784
29 17 90 69 79 77 48 96 1068
43 58 65 41 38 3 69 65 1367
47 31 1 17 49 31 96 39 1718
68 45 17 20 44 30 9 73 868
63 38 34 68 72 11 74 13 1357
43 67 80 32 74 98 55 49 1637
45 55 57 23 90 21 11 1 1805
52 98 30 31 25 19 38 27 1550
58 79 11 79 38 8 53 34 1736
41 93 60 49 46 55 24 12 854
59 94 71 69 96 100 55 36 875
79 71 43 51 66 22 4 56 1779
61 22 64 13 26 22 55 32 925
86 93 60 75 93 73 98 41 1188
25 32 48 98 27 74 26 35 1179
31 70 33 46 6 14 76 52 1498
96 20 96 47 75 83 77 19 928
64 85 14 51 52 38 91 61 1403
92 88 64 78 40 37 13 99 1826
74 98 16 97 45 85 6 74 1067
