5 50
99 90 59 32 48 84
77 22 87 13 92 492
71 11 61 28 37 511
75 96 68 47 64 832
57 62 79 11 7 603
18 77 21 27 62 691
44 45 83 77 72 332
59 29 11 57 72 788
73 64 95 50 25 180
76 26 61 76 50 656
4 79 77 52 29 358
76 37 67 54 12 115
10 7 57 53 65 378
65 47 51 98 19 768
31 54 2 52 71 675
20 58 49 69 39 276
26 7 12 10 20 546
57 54 34 3 36 855
35 90 50 49 67 414
99 65 27 1 15 812
82 11 78 26 43 180
20 8 63 87 42 1064
1 97 2 81 22 550
57 11 89 19 61 1011
9 49 82 37 63 436
4 88 73 15 83 191
58 76 72 97 83 271
80 20 80 50 65 533
46 56 47 50 17 462
41 27 65 44 28 643
8 62 70 77 25 1059
48 93 56 21 19 69
99 45 81 65 30 1134
26 33 62 9 35 820
16 93 30 27 55 525
10 57 38 62 89 868
76 21 28 32 53 768
18 40 56 89 92 638
64 80 18 73 75 946
26 79 50 94 86 698
66 42 34 56 67 405
63 32 49 31 78 204
36 97 100 57 47 831
64 39 18 40 47 50
61 73 1 60 14 787
50 51 84 43 88 418
30 59 63 5 74 987
9 85 72 6 72 288
28 87 97 66 70 67
56 91 13 89 46 885
