5 50
67 53 73 13 45 1299
47 53 84 2 86 1415
99 94 64 20 8 1243
99 55 18 48 86 1414
53 22 78 46 81 1521
69 16 19 68 34 1444
17 60 37 54 14 1177
100 86 33 38 6 1131
99 21 49 43 63 1178
22 63 43 47 77 1046
44 80 53 93 79 1324
94 1 59 76 52 1547
36 85 58 73 74 1158
10 9 71 44 75 1314
91 76 58 9 45 1411
6 24 93 40 5 1525
64 84 32 78 55 1268
64 65 74 12 18 1108
12 23 34 94 65 1391
66 32 28 91 54 1446
87 65 31 99 27 1106
65 69 15 9 38 1349
75 69 45 45 43 1282
3 74 51 78 10 1293
34 43 98 43 24 1520
77 18 60 34 86 1401
60 35 76 43 28 1289
51 34 67 77 93 1290
10 17 55 28 6 1461
1 48 40 51 86 1491
52 35 98 28 40 1346
49 57 63 48 86 1480
57 87 19 97 2 1468
97 8 51 84 94 1275
67 84 73 67 25 1397
14 12 61 52 28 1040
88 13 69 16 48 1115
67 51 32 49 34 1248
8 78 16 7 46 1109
6 14 99 48 88 1233
92 86 29 98 48 1393
42 78 66 34 27 1265
31 100 55 64 33 1343
70 72 50 11 41 1453
45 84 2 12 75 1433
82 83 55 26 38 1053
79 97 19 87 1 1142
24 75 80 63 65 1252
56 5 96 75 76 1033
84 70 13 39 7 1081
