5 50
16 68 55 34 89 1508
25 48 84 83 97 1357
41 44 2 85 67 935
100 76 84 47 12 1104
11 6 40 76 3 1531
35 90 48 74 52 1645
3 91 77 6 64 1464
91 49 90 71 80 839
46 90 2 56 42 1369
2 10 41 49 13 1712
41 17 24 61 77 686
22 79 87 34 12 1117
84 68 30 92 28 1887
9 46 98 24 58 1286
8 10 77 57 91 1923
23 79 19 98 64 1893
60 19 45 23 35 675
30 64 87 87 83 704
85 56 38 72 12 1115
30 62 89 25 42 1207
39 83 14 35 92 826
43 74 97 26 68 1702
25 63 78 67 33 1923
35 66 82 100 30 781
36 62 79 56 95 1693
20 74 20 50 54 1222
93 3 8 38 30 1268
51 56 53 24 84 715
50 61 44 78 10 1248
47 14 76 65 91 1131
6 56 9 96 91 664
15 72 85 28 23 1337
76 16 45 23 81 1718
12 20 65 72 57 1855
85 81 19 95 59 1301
22 80 21 72 31 1690
7 22 86 72 2 1822
25 98 25 83 85 995
38 38 100 51 14 1731
91 30 7 32 90 1486
60 29 69 11 57 1358
48 93 79 21 11 686
22 72 63 88 32 687
63 87 17 81 71 1220
67 57 19 38 95 1262
31 36 30 21 9 1689
34 81 17 4 23 1638
52 89 45 92 44 1768
76 43 86 62 36 1610
80 88 89 17 45 1534
