8 50
28 30 77 48 51 100 51 20 556
97 60 36 75 18 16 69 76 361
30 25 31 35 76 96 93 27 975
89 32 85 96 81 5 5 73 219
88 47 75 69 39 26 43 64 45
42 48 31 52 77 31 55 89 716
90 54 74 94 14 6 72 76 124
69 61 94 32 7 5 55 8 419
32 5 85 82 68 34 55 77 143
80 56 52 72 56 39 84 96 1069
69 32 33 12 80 42 41 43 496
31 86 61 57 36 54 1 94 446
52 53 86 79 18 4 37 70 1101
36 27 27 77 44 7 100 86 290
83 87 43 74 11 56 94 86 1105
47 14 54 92 31 15 18 90 401
27 2 4 36 76 96 72 25 834
29 98 96 96 48 88 47 23 83
49 47 90 19 82 13 64 73 837
80 81 25 9 32 57 17 25 1118
34 88 82 21 6 47 71 24 643
68 4 87 13 78 72 70 67 664
31 97 73 41 42 56 15 6 418
50 51 74 36 21 63 8 63 396
100 48 76 17 45 73 16 52 486
84 73 40 96 50 1 75 17 993
24 84 40 50 14 6 76 55 859
3 49 82 17 51 29 98 72 306
82 8 94 98 37 32 18 1 1141
34 25 80 68 57 91 3 46 819
8 17 91 44 31 93 41 62 905
73 30 47 51 53 28 59 24 310
92 27 92 86 65 62 89 95 615
98 49 9 70 31 5 27 90 460
29 35 39 73 64 31 4 37 341
84 42 15 23 61 42 67 58 483
65 86 7 26 90 14 69 97 1015
79 20 17 99 11 46 53 61 23
12 34 46 41 91 8 91 60 205
53 94 48 5 51 2 90 20 211
25 67 93 49 75 49 70 40 664
74 14 38 68 10 69 19 3 179
16 74 89 42 97 54 92 17 436
55 57 24 57 76 81 100 56 798
93 9 19 41 29 5 64 60 1006
34 32 62 80 83 35 28 31 502
51 80 96 18 12 51 33 95 1158
19 99 37 87 24 97 33 83 1047
41 16 38 68 32 1 60 61 850
68 5 19 90 91 86 79 31 890
