5 50
35 6 60 61 3 348
33 3 74 5 50 426
21 37 47 65 14 339
6 56 56 97 25 274
92 27 35 62 98 287
70 80 82 19 57 364
54 99 76 46 38 627
61 3 91 12 26 734
97 6 69 91 100 334
41 11 67 95 55 426
5 16 98 22 72 718
11 57 71 29 37 727
3 30 3 75 39 725
15 68 37 41 89 695
67 67 53 41 36 337
52 72 87 51 48 412
16 34 86 51 22 252
46 38 22 15 41 283
72 2 78 23 4 473
50 55 3 29 42 710
89 37 38 2 83 676
82 4 35 46 56 284
74 64 62 78 46 643
67 77 87 61 74 259
12 14 32 61 51 305
19 27 1 84 20 306
22 99 99 38 38 281
94 93 68 39 97 604
79 100 84 52 9 483
17 46 44 17 34 604
68 44 20 73 22 431
43 31 34 13 28 332
19 56 67 9 100 491
96 11 27 50 93 710
27 33 9 68 92 638
43 61 69 98 65 622
49 5 88 64 36 618
82 6 11 48 83 538
6 58 7 17 3 656
44 31 47 41 47 506
51 60 45 80 15 584
74 43 58 82 97 694
69 59 14 21 93 291
85 20 89 100 75 280
69 84 21 4 96 721
25 24 15 81 27 468
47 52 83 57 84 484
81 57 100 53 73 660
33 80 45 89 6 693
67 51 24 58 22 313
