8 50
57 91 17 74 83 41 40 29 1941
54 47 77 97 32 17 95 85 1970
96 55 73 56 50 61 63 6 2016
69 57 75 45 82 63 5 73 1835
24 76 98 1 54 46 29 23 1901
72 46 66 1 38 19 3 42 2027
82 99 28 85 56 72 31 40 2127
30 88 4 27 40 84 21 42 1816
66 1 65 25 33 84 86 50 1860
12 44 4 96 31 13 40 94 1843
23 7 73 22 15 44 94 23 2074
82 78 44 5 50 68 98 39 2094
80 67 6 37 41 76 37 88 1813
37 4 54 50 31 30 71 79 1916
76 100 5 8 66 77 76 73 1733
63 63 82 14 98 76 48 25 1886
51 13 58 59 42 33 40 60 1856
1 67 56 32 61 59 19 11 2126
49 6 30 47 91 28 30 21 2107
2 18 15 86 45 24 44 38 1990
12 56 63 78 64 60 10 5 1992
38 12 99 72 82 48 72 88 1865
42 28 34 12 36 12 39 83 1822
79 59 17 20 83 55 85 68 1693
90 19 16 14 39 48 28 49 2113
73 92 78 4 23 31 79 24 1965
34 75 45 1 18 3 43 86 1701
94 79 43 50 11 34 35 54 2042
60 31 82 19 3 82 65 95 2014
49 2 69 90 82 71 47 17 1950
31 30 73 52 93 26 14 80 2161
35 74 26 3 63 48 82 83 1863
17 64 11 9 63 69 89 31 2066
32 11 61 96 95 50 48 78 2083
87 18 68 63 17 71 85 60 1693
73 83 5 12 9 14 47 25 2162
10 93 26 68 60 42 64 25 1711
68 59 53 48 36 13 82 67 1830
11 70 98 36 18 14 15 35 2136
70 51 4 35 22 67 10 67 1967
75 71 64 80 6 57 15 29 2150
30 97 85 76 11 91 42 27 1793
67 59 1 34 91 23 61 31 1718
4 65 87 33 14 68 9 73 1743
68 25 7 57 17 25 61 80 2085
6 13 50 39 34 73 51 20 2154
67 29 67 20 37 21 70 57 1789
75 86 67 34 64 5 50 63 1716
28 20 13 80 77 19 15 24 2082
72 73 79 61 51 74 26 17 1904
