5 50
24 36 98 61 73 187
95 34 7 76 57 863
93 72 55 70 58 1126
45 34 79 58 52 748
49 69 14 44 92 1082
48 38 91 92 13 933
59 4 62 58 51 662
40 61 98 87 30 688
97 3 29 90 50 988
95 91 36 97 43 127
60 6 17 82 54 30
35 56 5 88 100 666
53 29 24 26 57 845
53 15 54 53 62 46
64 94 51 45 22 847
21 78 67 34 76 648
99 55 73 6 18 58
19 18 17 89 60 1150
10 22 71 68 31 84
71 64 56 30 34 990
44 99 17 41 25 333
32 37 68 53 15 840
100 75 60 75 37 1073
52 38 10 78 63 476
99 73 50 17 35 213
54 41 94 5 88 1131
5 17 15 85 10 982
5 20 66 100 76 1027
4 22 87 99 75 351
75 92 18 89 46 1043
58 66 5 49 19 337
8 93 72 88 2 634
81 7 10 12 41 646
93 55 100 4 90 315
5 85 30 4 76 577
2 13 8 78 11 176
8 76 62 67 32 780
71 93 93 48 33 880
61 92 95 55 55 398
56 19 18 16 66 579
92 60 10 79 9 809
6 96 86 18 37 216
99 6 87 14 10 87
65 79 100 80 2 289
97 45 65 12 95 546
84 6 32 72 57 372
37 61 68 9 9 300
42 81 31 57 44 237
73 67 59 52 9 30
2 71 79 19 75 162
